16-15-0.0001 | [1.0893252856489541, 1.067247908702795, 1.0382600518240446, 0.9822122782900713, 0.8997596652611443, 0.8114701827367147, 0.7013743892959926, 0.6115460673967997, 0.5356468782908674, 0.4759232331013334, 0.4298054405744525, 0.3882356622080872, 0.3563164491584336, 0.32991845201754916, 0.2921862265338068] | [1.0654749972479685, 1.0543405158179147, 1.0382229992321559, 1.0206046649387905, 1.0006042889186315, 0.9922413195882525, 0.9990724870136806, 0.9889029332569668, 0.9787229912621634, 0.9920956679752895, 0.9861651829310826, 0.9786595353058406, 1.0114824448313031, 1.0185484596661158, 1.0346499494143895]
32-15-0.0001 | [1.0971652272818746, 1.0867915682170701, 1.0762745204179183, 1.0623361266177633, 1.043346137240313, 1.0136885931526405, 0.9827908571215643, 0.935193493573562, 0.8825855516005253, 0.8273632749267247, 0.7657720605532329, 0.7055982886881068, 0.6478435801423115, 0.5941963344380475, 0.5454751835353132] | [1.1187804085867745, 1.1109120982033867, 1.1032908235277448, 1.092779132298061, 1.078280394417899, 1.05909971509661, 1.0359416791370937, 1.008739822251456, 0.9818394473620824, 0.9540497847965785, 0.9301389796393258, 0.9118303758757454, 0.8989522763660975, 0.8847876599856785, 0.880047162941524]
32-25-0.0001 | [1.0972113733706268, 1.086003713676895, 1.073498216919277, 1.0558477450108184, 1.0341338846994483, 1.0062007174975631, 0.968557730273924, 0.9234112786210101, 0.8700764134310294, 0.8019332827001379, 0.7475277308104695, 0.6846148143643919, 0.6242488425710927, 0.5774083522782809, 0.5316903560057931, 0.5004065397856892, 0.4714985906213954, 0.43829441105110056, 0.41087742439214736, 0.3868598345397175, 0.36099722039872323, 0.3495892686256464, 0.3267744999864827, 0.305488240632458, 0.28206503805906874] | [1.1285825831549507, 1.118404565538679, 1.1065804004669189, 1.0929040908813477, 1.0726879324231828, 1.0514654466084072, 1.02988418170384, 1.0026543957846505, 0.9742669224739074, 0.9518001386097499, 0.9283059528895787, 0.9221152986798967, 0.9125696420669556, 0.8988858648708888, 0.8972319066524506, 0.8988412959235055, 0.9036079321588789, 0.9068879263741629, 0.9008677772113255, 0.904302350963865, 0.9114151443753924, 0.92852326972144, 0.9259910574981145, 0.9235216485602515, 0.9461202966315406]
64-15-0.0001 | [1.0989390359408613, 1.0908549951470417, 1.0851234256357387, 1.0776525694391001, 1.0700740461764129, 1.0601860333180082, 1.051631848708443, 1.0371474345525107, 1.0207401438035826, 1.002104475878287, 0.9795897312786268, 0.9531302277592645, 0.9237527645152548, 0.898017910943515, 0.8680099324903626] | [1.0997889041900635, 1.0948282480239868, 1.0900987386703491, 1.0854896306991577, 1.0794990062713623, 1.0720142126083374, 1.0625202655792236, 1.0527409315109253, 1.0427601337432861, 1.0324355363845825, 1.0206786394119263, 1.006544828414917, 0.9934527277946472, 0.9826025366783142, 0.9700871706008911]
32-15-0.01 | [0.6643492128538049, 0.31220631666373516, 0.11563311173324135, 0.054745070571484776, 0.03536746695678195, 0.027118074551116728, 0.016379473547356718, 0.0064290494401601775, 0.003016912090031943, 0.0003532524224019785, 0.0007489535836097986, 0.0007510928326181771, 0.00041787424622495, 0.0003031137136070132, 0.0010223342937525307] | [2.3291944061006817, 2.8411494517499314, 3.32971331349441, 3.7232882073348654, 3.4448086806173834, 6.926007995036032, 5.289247450368878, 5.566760952591929, 6.5631378185037255, 6.367765684281559, 6.373857902901987, 6.5026011566835225, 6.63327925535476, 6.760768767714087, 6.9179726395090775]
32-15-5e-05 | [1.0968039115269979, 1.090012498523878, 1.0830672913703365, 1.0752788657727448, 1.0672383947648865, 1.058355884966643, 1.047399621770002, 1.0348660126976346, 1.0210321046304012, 1.003514421850011, 0.9846197534298551, 0.9633258199346239, 0.9376894095669622, 0.9131479686585026, 0.878731600097988] | [1.0543807165963308, 1.0509872334344046, 1.0476910999843052, 1.0437114289828708, 1.039135844366891, 1.0340603828430175, 1.0291508981159756, 1.0232281327247619, 1.0157398768833705, 1.0084197282791139, 1.0003952809742518, 0.9919220754078456, 0.9843016045434134, 0.9752498694828579, 0.9649887187140328]
32-25-5e-05 | [1.0988945435786592, 1.093886837751969, 1.0881920506988747, 1.0823865254720053, 1.075534851309182, 1.0671043672423433, 1.0579091521276944, 1.0454686005910239, 1.0298211899356566, 1.0139992254367773, 0.9934154382650403, 0.9686976061351057, 0.9467276680296746, 0.918405332599861, 0.8924569071203038, 0.8683681655621183, 0.8307211053544197, 0.8017143009365468, 0.7670960163724595, 0.7438480879949487, 0.7055050374805063, 0.6710313308066216, 0.6489210114962812, 0.607858607561692, 0.5952864830044733] | [1.0640252590179444, 1.0611556189400808, 1.058808514050075, 1.0565619604928154, 1.0539172513144357, 1.0513830661773682, 1.0492209230150495, 1.0473820311682565, 1.0436322399548121, 1.040752250807626, 1.0368005990982057, 1.034393732888358, 1.0290631856237138, 1.028157423223768, 1.0254190376826695, 1.0240230798721313, 1.0210921934672765, 1.0199420520237514, 1.013319834641048, 1.0100476775850569, 1.0062149524688722, 1.0023942794118608, 0.9960993017469134, 0.9918803317206246, 0.9932050125939506]
32-25-0.0005 | [1.065584015155184, 0.9608753656995469, 0.772606835330742, 0.5547489395176155, 0.39213712595511174, 0.2994556816591733, 0.23220734730146933, 0.18915553226851034, 0.1547959186784599, 0.12623564743477364, 0.0966178630789121, 0.08764556961646978, 0.06837737100279849, 0.054233289941929386, 0.04370778871943121, 0.03867025025512861, 0.026890441948089046, 0.026335099631029625, 0.01835675482786652, 0.019671312168888424, 0.015307210091555465, 0.012261957024642523, 0.015237493294736613, 0.00999494006762794, 0.010621388969214066] | [1.05262280021395, 0.9818225485937936, 0.9415412902832031, 0.9647072323731014, 0.9785476199218205, 1.1153732172080448, 1.1654752143791745, 1.2374055487768991, 1.2685110215629851, 1.352655972327505, 1.394764358656747, 1.4682447914566312, 1.4817253960030419, 1.5806555773530688, 1.6164371818304062, 1.6472683387143272, 1.6752952571426118, 1.739797728402274, 1.76647809445858, 1.7889224371739796, 1.8261571986334664, 1.8860189450638636, 1.982743814587593, 1.9890798445258822, 1.9265927216836385]
32-25-0.0002 | [1.089696361016536, 1.0642081820446512, 1.023405605122663, 0.9612338546393574, 0.8715466117513353, 0.7640901275303053, 0.6531937542168991, 0.5536353301310885, 0.48448889903400255, 0.43863694019939586, 0.3711484077184097, 0.3187101155087568, 0.284859383235807, 0.26484288987906085, 0.24101814213006392, 0.2183105936948804, 0.19770218133926393, 0.17746735893297885, 0.16202210645744766, 0.13558527162109596, 0.13358358697614808, 0.12441328962643941, 0.11342280904452005, 0.10908847200697747, 0.08637635133404663] | [1.055424131665911, 1.0421384164265224, 1.0135821512767247, 0.9861841474260603, 0.9616314819880895, 0.9502466286931719, 0.928993124621255, 0.927724804197039, 0.93060816185815, 0.9250535726547241, 0.9678450771740504, 0.9549606561660766, 0.9965430838721139, 1.0316631836550576, 1.0444871153150286, 1.076198491028377, 1.1009443155356815, 1.1444127278668539, 1.1378562416349138, 1.1766691190855845, 1.2044602394104005, 1.2367579170635767, 1.2263873909200942, 1.2584248857838767, 1.2931263991764614]
32-25-0.0001 | [1.0975919533466947, 1.0865507816922837, 1.0738848091899484, 1.05884772349095, 1.0390478621358457, 1.015902380666871, 0.9817707478136256, 0.9425782082737356, 0.8941667097202246, 0.8386002887850222, 0.7751463988552922, 0.7159669984941898, 0.6554821033408677, 0.598119322458903, 0.5617442004922507, 0.512876037756602, 0.46752941245618074, 0.4385158962961556, 0.4058229862779811, 0.39371198458948, 0.35718348112659176, 0.3336515624454056, 0.3227522926054139, 0.3048994334711545, 0.29944010972976687] | [1.0604342869349888, 1.054035472869873, 1.0476398536137173, 1.0398959091731481, 1.0297216006687708, 1.0176724978855678, 1.0060999938419888, 0.9895957061222621, 0.9737856830869402, 0.9657730102539063, 0.9604267869676862, 0.9416562182562692, 0.9306206175259182, 0.9239452379090446, 0.9129406247820173, 0.9186531169073923, 0.9200824958937509, 0.9175396987370082, 0.9234939166477748, 0.9168990765299115, 0.9191586256027222, 0.9321720344679696, 0.9410598593098777, 0.9502337259905679, 0.9644972511700222]
32-15-0.0001 | [1.0918856465298197, 1.0786525522453199, 1.0611961102140122, 1.0419335987256921, 1.0128464895745983, 0.9817522876504539, 0.939389441669851, 0.8937722237213798, 0.8362694247909214, 0.7815221047055894, 0.7240846236546834, 0.6639179920804673, 0.620019755501678, 0.5715324546979821, 0.5186681861462801] | [1.0991237708500454, 1.0893390587397984, 1.0781330108642577, 1.0636836392538889, 1.04468925680433, 1.0254254017557416, 1.0009871261460441, 0.9765549148832049, 0.9508558205195836, 0.9258460606847491, 0.9070543323244368, 0.8913750171661377, 0.8760859404291426, 0.8675986221858434, 0.8526020612035479]
32-20-0.0001 | [1.0932727271232052, 1.0806474391964898, 1.067410415497379, 1.0503899871439173, 1.024315069032752, 0.9979458561841993, 0.9565745184386986, 0.9067812370217365, 0.8570931849272355, 0.7900264346081277, 0.731062894973202, 0.6767780905184538, 0.6375480670859848, 0.5805651293284652, 0.5393657914970232, 0.506040368736654, 0.4739600895107656, 0.4447763900825943, 0.4112504883088927, 0.3895678516747295] | [1.0876280103410993, 1.0836325917925154, 1.0809228454317366, 1.078805238859994, 1.077451195035662, 1.0798026697976248, 1.080537646157401, 1.0881640434265136, 1.0994166714804514, 1.1083950962339129, 1.1190301486424037, 1.1283553498131889, 1.1349191563470022, 1.1220416852406092, 1.1230590173176356, 1.1280015025820052, 1.111928231375558, 1.0883000850677491, 1.0923016480037144, 1.0779055799756732]
32-20-0.0001 | [1.0938691253247468, 1.0834095806315325, 1.0721074767734693, 1.0568150471949922, 1.0386707375015038, 1.0157982076423755, 0.9844482307848723, 0.9462007322173188, 0.8990188441414764, 0.849630940478781, 0.7952383573504461, 0.7351433672766755, 0.6790427458459053, 0.6182623058125593, 0.5634051138076229, 0.5330684673958931, 0.47815625615741897, 0.45170211809268895, 0.4201775434224502, 0.40935657266257464] | [1.0894854273114885, 1.0817853382655553, 1.072861065183367, 1.060948964527675, 1.0477302721568515, 1.0330347878592354, 1.0149336610521589, 0.9966542959213257, 0.9742761867386954, 0.9561148660523551, 0.9443023511341639, 0.9240857464926583, 0.9221211007663181, 0.9098975454057966, 0.9067722005503518, 0.9095537321908134, 0.9105097123554775, 0.9061773504529681, 0.9006048253604344, 0.9061983142580304]
32-20-0.0001 | [1.0971269230911698, 1.0874618830888167, 1.079024380877398, 1.0698209845501443, 1.0537950184034264, 1.037772055985271, 1.016272191033847, 0.9904998238535895, 0.9645264927891718, 0.9287456723227017, 0.8888150666071021, 0.8437692103178605, 0.8022525500560153, 0.765160003779591, 0.72190573370975, 0.6726230768189914, 0.6361375140107196, 0.5869608614755714, 0.5587335147719452, 0.5234687171120574] | [1.0798084020614624, 1.075714990070888, 1.0708522762571062, 1.0642700025013514, 1.057467474256243, 1.0486327069146293, 1.0405458177839007, 1.0309578452791486, 1.0206483176776342, 1.0112726824624199, 1.0021852254867554, 0.9942484668322972, 0.9887584907667978, 0.984992960521153, 0.9804836903299604, 0.9760394641331264, 0.9721839649336679, 0.9683767931801932, 0.9650507620402745, 0.9655996935708182]
32-20-0.0001 | [1.0951098822165226, 1.0862433879271798, 1.077458571696627, 1.0670594526373822, 1.0532359157783397, 1.0369737296864607, 1.0167386333147685, 0.9892582680868066, 0.959449263068213, 0.9201712128044902, 0.8852145744406659, 0.8431639856186466, 0.7953708045724509, 0.7443012358485789, 0.697413162217624, 0.629744115083114, 0.5913457443748695, 0.5528988689616107, 0.5135093039360599, 0.48570440817570343] | [1.1057973861694337, 1.1001159463609969, 1.0923520939690725, 1.0837244374411448, 1.0714390890938894, 1.0555516821997506, 1.0378933038030351, 1.0172991974013192, 0.997445411341531, 0.9727076854024614, 0.9545446821621486, 0.9366608210972377, 0.9214624881744384, 0.9056717770440238, 0.899437073298863, 0.8886408908026558, 0.8863190531730651, 0.8865899665015085, 0.8869514005524771, 0.8856323395456587]
32-20-0.0001 | [1.1035396261491637, 1.0959856534349746, 1.0875068177347598, 1.0786632171575574, 1.0678672970205114, 1.0556337636450062, 1.042284681486047, 1.0250836959783582, 1.0036313514778579, 0.9852045059204102, 0.9537273584932521, 0.9241039049798164, 0.9009328719498455, 0.8572558752004651, 0.8190770482671433, 0.7777424437412317, 0.7469572328139042, 0.6968897617381552, 0.6599459596302198, 0.6311623084372369] | [1.047239133289882, 1.0423024211611067, 1.0364702871867588, 1.0303646462304252, 1.0230529853275845, 1.013703806059701, 1.0065639751298088, 0.99705228635243, 0.9861497282981873, 0.9754121201378959, 0.9647501911435808, 0.9555483068738665, 0.9485237973076956, 0.9386564901896886, 0.929680495602744, 0.9251500299998692, 0.9233723197664533, 0.9209904602595738, 0.9186536533491952, 0.9152277639933994]
32-20-0.0001 | [1.0971801882204801, 1.0897837849630825, 1.08227800493655, 1.0719857084578361, 1.062070978206137, 1.0484926514003587, 1.0331238090128139, 1.0141271197277566, 0.9924320201942887, 0.9652891672175864, 0.9363361401834349, 0.9055293504742609, 0.8725917220115662, 0.8359220195507657, 0.800710960402005, 0.7608269269915594, 0.7286775889603988, 0.6946469471074532, 0.6672920811003533, 0.6400347367576931] | [1.1251559257507324, 1.118182625089373, 1.1105258805411202, 1.1010195527757918, 1.0895133938108172, 1.0768619401114328, 1.0626706906727381, 1.0446633151599338, 1.0230733598981585, 1.0006084714617047, 0.9765824522290911, 0.9531732899802071, 0.9274801867348808, 0.9009039333888462, 0.8805147920336042, 0.8626139913286481, 0.8437920263835362, 0.8315958738327026, 0.8203529936926706, 0.8136100888252258]
32-32-0.0001 | [1.1013800424078237, 1.0965411310610564, 1.091936292855636, 1.0859459393266317, 1.0785991924396459, 1.0729022858799369, 1.0627401234447091, 1.0506688938624618, 1.036883851065152, 1.0182049419568933, 0.9924970462702323, 0.9718914076901864, 0.9467533576315728, 0.9119144816329514, 0.8711171713428221, 0.8349273496779843, 0.8138685008753901, 0.7678883583649345, 0.7292368403379468, 0.6821967663972274, 0.6617859057758165, 0.6169907580251279, 0.5957445457361746, 0.5811432902363763, 0.5435848229173301, 0.5132841983567114, 0.4886057141898335, 0.48537377490513567, 0.46474071343739826, 0.4519039109133292, 0.430872697070025, 0.4168928917767345] | [1.1262370347976685, 1.1222954545702253, 1.1187943254198347, 1.1153892653329032, 1.1110239846365793, 1.106160957472665, 1.1005534512656077, 1.0912457023348128, 1.0812435388565063, 1.072010908808027, 1.0617125817707607, 1.0469944391931807, 1.035017010143825, 1.021151876449585, 1.0104669979640415, 1.0015747802598136, 0.9906395622662135, 0.9766619971820286, 0.966463759967259, 0.9629473686218262, 0.9448764971324376, 0.9379941429410662, 0.9349770052092415, 0.9315701084477561, 0.9281185013907296, 0.9242751853806632, 0.9242719965321677, 0.9151099307196481, 0.9163683312279838, 0.9188279024192265, 0.9218843306813921, 0.9206882613045829]
BEST ONE: 256-32-3 0.3 0.3 32-32-0.0001 without rolling avgs | [1.1001287515612617, 1.0940480657245801, 1.0871550487435382, 1.08172646259916, 1.0722812738971434, 1.0647885471150496, 1.0560289379479229, 1.0415339822354523, 1.02209753299105, 1.0079095244407654, 0.9803223791329757, 0.9581132244372713, 0.9311248744743458, 0.8997597208921461, 0.8658949642941571, 0.8384069180143052, 0.8184747861779255, 0.782440804053044, 0.7672888873279958, 0.7251148064931233, 0.698763144189033, 0.6818671440732652, 0.6527831844661547, 0.6255112882973491, 0.5963388660679693, 0.596704367623813, 0.5687949424204619, 0.5448889537134032, 0.5302852480307869, 0.5114464606927789, 0.4710328289564105, 0.47964641633241073] | [1.0267014690807887, 1.0233080421175276, 1.0199473466191973, 1.0148902314049857, 1.0086733630725315, 1.0022495303835188, 0.9939093862261091, 0.9813523496900286, 0.9677784851619176, 0.9520599399294172, 0.933857478414263, 0.9169920904295785, 0.8973447407994951, 0.8783922246524266, 0.862286080632891, 0.846643498965672, 0.8286314811025347, 0.8107499429157802, 0.7934592689786638, 0.7780061892100743, 0.7665298334189824, 0.7539348449025836, 0.7426799178123474, 0.7339568981102534, 0.7275295002119881, 0.7226139255932399, 0.7192013740539551, 0.7143306229795728, 0.7138531395367214, 0.7134223682539803, 0.7122403532266617, 0.7157082804611751]
32-32-0.0001 | [1.0937959567360256, 1.0833331477814827, 1.068899128402489, 1.0566854031189628, 1.0409650982290075, 1.0177894426428753, 0.999032779880192, 0.9690114408299543, 0.934629281707432, 0.895432752802752, 0.8584354476652284, 0.8220562558243241, 0.7756294834441033, 0.7397147831709489, 0.703506190534951, 0.6708574514458145, 0.6475698821786521, 0.6090061514273933, 0.5821947106416675, 0.5751138968744139, 0.5395162594491157, 0.5155181423477505, 0.4891817782236182, 0.47215156460153884, 0.462582574547201, 0.4491551387137261, 0.4400690179804097, 0.4226268546304841, 0.3971753122150034, 0.3884080187134121, 0.3736400846121968, 0.3529976394729338] | [1.1325914280755178, 1.1227721929550172, 1.1127910341535296, 1.1013448510851178, 1.0890073674065726, 1.0729341847555978, 1.0520723819732667, 1.0288622209003992, 1.004627561569214, 0.9740322998591832, 0.9421987431389945, 0.9101669958659581, 0.8816065890448433, 0.8569954633712769, 0.8374124595097133, 0.8112174034118652, 0.791953182220459, 0.7776022962161473, 0.7648114425795419, 0.7537637404033116, 0.7456847659179142, 0.73797516141619, 0.731134249482836, 0.7293744819504874, 0.7272685578891209, 0.7290905739579882, 0.7292894329343523, 0.7298985123634338, 0.7321933082171849, 0.7326550036668777, 0.7358781171696527, 0.7417224432740893]
32-32-0.0001 | [1.1013191640377045, 1.0949900299310684, 1.0852266997098923, 1.0795428156852722, 1.0745450556278229, 1.070415809750557, 1.059557169675827, 1.0524869710206985, 1.0414469242095947, 1.0246437638998032, 1.011070229113102, 0.9917724132537842, 0.978681281208992, 0.9520950242877007, 0.9401315078139305, 0.9234294295310974, 0.8916771560907364, 0.8703209459781647, 0.8339254856109619, 0.8087075427174568, 0.7847695723176003, 0.7648912519216537, 0.7282448932528496, 0.6988816037774086, 0.6796304807066917, 0.653922900557518, 0.6442464664578438, 0.6121326088905334, 0.5886727757751942, 0.5617880932986736, 0.5435557402670383, 0.5484650507569313] | [1.1695834977286204, 1.165255195753915, 1.160617528642927, 1.1557110003062656, 1.150931375367301, 1.1457988364355904, 1.1404803344181607, 1.1347629513059343, 1.1291977388518197, 1.121356473650251, 1.1124057139669146, 1.1033252528735569, 1.0941632611410959, 1.0813417502811977, 1.0701940042631968, 1.0575675453458513, 1.042818888596126, 1.0285907779421126, 1.0108544179371426, 0.9951892018318176, 0.9782085742269243, 0.9611126116343907, 0.9454073020390101, 0.9249455673354012, 0.9092640391417912, 0.8948475216116224, 0.878640409878322, 0.8642477972166879, 0.851980653830937, 0.8449082195758819, 0.834011138336999, 0.820844829082489]
32-45-0.0001 | [1.1057930290699005, 1.102092444896698, 1.095751866698265, 1.0917086601257324, 1.0852475762367249, 1.0748037248849869, 1.0707175582647324, 1.0644160956144333, 1.0534809082746506, 1.0401672795414925, 1.0327065959572792, 1.0155938044190407, 1.0062114596366882, 0.9913715943694115, 0.9738142192363739, 0.9542066305875778, 0.9407875090837479, 0.9148829579353333, 0.8979939818382263, 0.876554474234581, 0.8606399521231651, 0.8344632089138031, 0.8110249191522598, 0.7860115021467209, 0.7657161876559258, 0.7608854323625565, 0.740876242518425, 0.7145660445094109, 0.6905910521745682, 0.6784998401999474, 0.6771155893802643, 0.6262782290577888, 0.6399659216403961, 0.5991795063018799, 0.6023243814706802, 0.5938597209751606, 0.559485662728548, 0.5508944466710091, 0.5423411168158054, 0.553273182362318, 0.5080824419856071, 0.5062928944826126, 0.4782533347606659, 0.4635103829205036, 0.4661911390721798] | [1.1016347885131836, 1.0998732447624207, 1.097980490752629, 1.0962708047458103, 1.0939231378691536, 1.0922994596617563, 1.0904614090919496, 1.089046711581094, 1.0862798690795898, 1.0829267042023796, 1.0803221072469438, 1.076992268221719, 1.0743102703775678, 1.069050545351846, 1.0650825432368687, 1.0613517539841788, 1.0580890689577376, 1.0544939058167593, 1.049819724900382, 1.045557769707271, 1.0362198420933315, 1.0292886504105159, 1.023898824623653, 1.0202421273503985, 1.014987885100501, 1.0001937108380454, 0.9883853597300393, 0.9746519821030754, 0.9633086459977286, 0.9524429781096322, 0.9406548346791949, 0.9236199894121715, 0.9092998364142009, 0.9019460197005953, 0.8862532939229693, 0.8733535706996918, 0.8538760325738362, 0.8402023937020983, 0.8263344671045031, 0.8126883204494204, 0.7987448645489557, 0.7928806330476489, 0.7859733257974897, 0.7762909765754428, 0.7649067440203258]
ANOTHER BEST ONE 256-32-3 0.3 0.3 32-64-0.0001 with rolling avgs SMOTE minority| [1.0941558629274368, 1.084187462925911, 1.0784699767827988, 1.0700733959674835, 1.0586168467998505, 1.050667643547058, 1.0353817492723465, 1.0308213084936142, 1.009140357375145, 0.9995197579264641, 0.9796587526798248, 0.9588038176298141, 0.9356222003698349, 0.9088915660977364, 0.9011540710926056, 0.8718487024307251, 0.8422452285885811, 0.8066670671105385, 0.7798385098576546, 0.7588840872049332, 0.7243628948926926, 0.6951286643743515, 0.6800465807318687, 0.6670288145542145, 0.6415163055062294, 0.6130941584706306, 0.5861165896058083, 0.5711307376623154, 0.5443045981228352, 0.5323171354830265, 0.5140284448862076, 0.5208920650184155, 0.507244884967804, 0.47590137273073196, 0.46613701432943344, 0.45410945266485214, 0.44150183349847794, 0.4335520789027214, 0.41863953694701195, 0.4193887300789356, 0.40492546558380127, 0.3881756402552128, 0.39922527968883514, 0.38098791614174843, 0.373747568577528, 0.348470713943243, 0.35338902845978737, 0.35347834043204784, 0.346911046653986, 0.3236071392893791, 0.32451379857957363, 0.2935451455414295, 0.31690470688045025, 0.30320231802761555, 0.2925848625600338, 0.2921315189450979, 0.29646166414022446, 0.24463418684899807, 0.27835043519735336, 0.2604564670473337, 0.2560628689825535, 0.2508257534354925, 0.2579490356147289, 0.24351239018142223] | [1.132469606399536, 1.12703697681427, 1.1207298925944738, 1.114077731541225, 1.106224662917001, 1.0970495223999024, 1.0867894990103586, 1.0762482251439776, 1.065261673927307, 1.0528166787964957, 1.03930424281529, 1.0256228855678013, 1.012944771562304, 0.997471467086247, 0.9783826163836888, 0.961077356338501, 0.945351002897535, 0.928863765512194, 0.9152899129050118, 0.8989371129444668, 0.8813552805355617, 0.8665361932345799, 0.852075617653983, 0.8429510916982378, 0.8292482444218227, 0.8165386182921274, 0.8022814725126539, 0.791252429144723, 0.7851279045854296, 0.7789983170373099, 0.7701936261994499, 0.7628344799791064, 0.7572911645684923, 0.7564088600022453, 0.7487499390329634, 0.7382230524505887, 0.7286898813077382, 0.7237451753446034, 0.7169525291238512, 0.711809127671378, 0.7082130287374769, 0.7052221255643027, 0.7022633961268834, 0.6985738213573184, 0.6965068876743317, 0.6945006689855031, 0.695527315565518, 0.6902348922831671, 0.6874397086245673, 0.6858259920563017, 0.682891468490873, 0.6822799848658698, 0.6812406627195222, 0.6778362140059471, 0.6767818261470113, 0.6757550228919301, 0.6748475504773004, 0.6754374693546976, 0.6768922409840993, 0.6761948483330863, 0.6772108795387405, 0.6772540267024721, 0.6767379128507205, 0.676821556687355]
32-64-0.0001 | [1.0965786576271057, 1.091585412621498, 1.082254946231842, 1.0778958797454834, 1.071063682436943, 1.0649572908878326, 1.0506980568170547, 1.0428035408258438, 1.033242143690586, 1.0257190763950348, 1.0103967264294624, 0.9983379691839218, 0.9817292392253876, 0.9643399938941002, 0.9458741098642349, 0.9176987782120705, 0.9030199125409126, 0.8768549859523773, 0.8435084596276283, 0.8279472067952156, 0.7834563478827477, 0.773060716688633, 0.7274454310536385, 0.7168606892228127, 0.6901910156011581, 0.6539711356163025, 0.6394565105438232, 0.5987709313631058, 0.5957954600453377, 0.5662635080516338, 0.5380898378789425, 0.5390207283198833, 0.5055726170539856, 0.4915040172636509, 0.5021642744541168, 0.45962879434227943, 0.45498987287282944, 0.4502270966768265, 0.4258298948407173, 0.4097019024193287, 0.40626396611332893, 0.39967256039381027, 0.37575532868504524, 0.3668622449040413, 0.35128624364733696, 0.3610994052141905, 0.36251232400536537, 0.3289639875292778, 0.3151776399463415, 0.33036976866424084, 0.3152433894574642, 0.318080285564065, 0.31172882206737995, 0.30130261182785034, 0.30696606636047363, 0.2972176559269428, 0.3029673807322979, 0.28737050853669643, 0.2529125437140465, 0.2652376126497984, 0.24809866212308407, 0.2623876128345728, 0.24259748123586178, 0.2487219013273716] | [1.14104197706495, 1.1373047249657766, 1.133118142400469, 1.1293209995542253, 1.1243339674813406, 1.118525164467948, 1.1131278208323887, 1.1059205566133772, 1.0990600483758108, 1.0906029224395752, 1.0815634625298636, 1.071294777733939, 1.0580884763172695, 1.048049683230264, 1.0365152478218078, 1.0232895987374442, 1.0078330039978027, 0.9949942690985544, 0.9781779323305403, 0.9643869689532689, 0.949966311454773, 0.9346183265958513, 0.9167227404458183, 0.9007969771112715, 0.8859297599111284, 0.8690617084503174, 0.856340834072658, 0.8485400336129325, 0.831718829699925, 0.8229096966130393, 0.8117508241108485, 0.8036674405847277, 0.7941599454198565, 0.7871651717594692, 0.7787375586373465, 0.7675124389784677, 0.7587525887148721, 0.7508315290723528, 0.7472386453832899, 0.7398811255182539, 0.7352505496570042, 0.734457609483174, 0.7305487066507339, 0.7277331765208925, 0.7260364779404231, 0.7271200035299573, 0.7255186315093721, 0.7249181185449872, 0.7247048654726573, 0.7217699233974729, 0.7209170831101281, 0.7166324530329024, 0.7156357565096446, 0.7152549028396606, 0.7162858513849122, 0.7161823870880263, 0.716748985009534, 0.7187899323446411, 0.720464149756091, 0.7219967401453427, 0.7231665023735592, 0.7251629005585398, 0.7249387696385383, 0.7261694874082293]
32-64-0.0001 | [1.095925509929657, 1.0897459089756012, 1.0826025605201721, 1.0773661881685257, 1.0681609213352203, 1.0600844770669937, 1.0520222783088684, 1.0421549081802368, 1.02890445291996, 1.021693393588066, 1.0057734102010727, 0.9916912987828255, 0.9753994643688202, 0.9584370777010918, 0.9331251978874207, 0.9188146144151688, 0.8995433300733566, 0.8701653480529785, 0.8434744402766228, 0.8153739124536514, 0.7926895245909691, 0.7574630156159401, 0.7370723336935043, 0.7223782166838646, 0.7034456208348274, 0.6652890965342522, 0.6562358364462852, 0.6175106540322304, 0.5890276357531548, 0.5703467652201653, 0.5637936666607857, 0.5478437207639217, 0.5010146759450436, 0.517746564000845, 0.501446358859539, 0.4607374183833599, 0.4662742279469967, 0.45093873143196106, 0.43826277181506157, 0.4426703490316868, 0.4018748663365841, 0.3963264338672161, 0.39762431383132935, 0.3881375081837177, 0.3521105293184519, 0.35047801956534386, 0.3384998496621847, 0.3441145084798336, 0.3402274437248707, 0.32685722410678864, 0.32385860569775105, 0.31110216677188873, 0.29340654611587524, 0.2936448249965906, 0.28525594994425774, 0.2825828790664673, 0.2909375112503767, 0.27989013120532036, 0.26144177839159966, 0.2667530030012131, 0.28419212624430656, 0.2564551290124655, 0.24424515292048454, 0.2563845217227936] | [1.0711365904126848, 1.0679370301110405, 1.0644692029271807, 1.060861441067287, 1.0561349851744515, 1.0515019876616343, 1.0466948236737932, 1.0411843299865722, 1.0352942075048175, 1.028576786177499, 1.0205888169152395, 1.0146144866943358, 1.0083505392074585, 1.0004064542906626, 0.9914278967039926, 0.9812642165592739, 0.9703249301229204, 0.9604041627475194, 0.9501974735941205, 0.9396490097045899, 0.9288544263158526, 0.9149681602205549, 0.9013133253370013, 0.8880646654537746, 0.8769570078168597, 0.8666080236434937, 0.8550713198525565, 0.8428632702146258, 0.8342766923563821, 0.8242430141993932, 0.8131269778524126, 0.8056368614946093, 0.7947556853294373, 0.7860162224088396, 0.7752778887748718, 0.769148097719465, 0.760594744341714, 0.7534021326473781, 0.7498149250234877, 0.746939725109509, 0.7383227199316025, 0.7322754872696741, 0.7276087054184505, 0.7202510229178838, 0.7169688450438636, 0.7184704512357711, 0.7126379817724228, 0.708881260241781, 0.7050639305795942, 0.7009349086454937, 0.6986653034176146, 0.6990439355373382, 0.6971741363406181, 0.6993969708681107, 0.6968650128160204, 0.6964581730110305, 0.6964072755404881, 0.6945847985999924, 0.6955640658736228, 0.6962662907583373, 0.6962317243218422, 0.69747119056327, 0.6975760110786983, 0.6987056029694421]
32-64-0.0001 | [1.1012721508741379, 1.0989906191825867, 1.09539794921875, 1.0899522602558136, 1.0864419639110565, 1.083439201116562, 1.0772052556276321, 1.0677833557128906, 1.0625793635845184, 1.0565467029809952, 1.044439509510994, 1.0346675664186478, 1.0283575803041458, 1.0100790783762932, 1.0018358007073402, 0.9792494475841522, 0.9677544236183167, 0.9495349451899529, 0.9344840794801712, 0.9119068160653114, 0.8910382464528084, 0.874810203909874, 0.8394235000014305, 0.8347188159823418, 0.8088069781661034, 0.7867168635129929, 0.7740330696105957, 0.7510362938046455, 0.7278084829449654, 0.7080783769488335, 0.680050328373909, 0.6620546579360962, 0.62718366086483, 0.6093616411089897, 0.5972116887569427, 0.5798992216587067, 0.5721670240163803, 0.5562651269137859, 0.5507880002260208, 0.5269262865185738, 0.532830037176609, 0.48208411037921906, 0.4939945302903652, 0.47286488860845566, 0.4519677609205246, 0.44885796681046486, 0.41309061273932457, 0.42058850079774857, 0.42112916335463524, 0.4231579080224037, 0.4086013324558735, 0.3848562389612198, 0.3912341892719269, 0.3830053396522999, 0.3469151370227337, 0.3287818506360054, 0.3313823789358139, 0.34712474420666695, 0.36034202948212624, 0.3139637354761362, 0.326016565784812, 0.30419532768428326, 0.3264160882681608, 0.3025147207081318] | [1.1506936516080584, 1.1483244555337089, 1.14575606073652, 1.1427210228783744, 1.1394638163702828, 1.1355613470077515, 1.1313612461090088, 1.1265483549662998, 1.1210585253579275, 1.1142482246671404, 1.1063655717032297, 1.0984257527760097, 1.0888043369565692, 1.0782633236476353, 1.067925500869751, 1.0563087718827384, 1.043369059903281, 1.0312276703970773, 1.01807245186397, 1.0052734034402029, 0.9906947646822248, 0.9774771979876927, 0.9639953374862671, 0.9517739602497646, 0.939479660987854, 0.9251651746886117, 0.914023106438773, 0.9039155006408691, 0.8944920642035348, 0.8852865142481667, 0.8780504482133048, 0.8711920457226889, 0.8600342546190535, 0.8508676324571882, 0.8430566344942365, 0.8370336626257215, 0.8336306844438826, 0.8282279968261719, 0.8234496244362423, 0.8172654739448002, 0.8108326537268502, 0.8060376882553101, 0.8031501276152474, 0.8039621940680912, 0.8061995148658753, 0.8026706746646336, 0.8001445753233773, 0.7964858225413731, 0.78981796673366, 0.7884254336357117, 0.7836378914969307, 0.7821018819298063, 0.7773832849093846, 0.7743876704147884, 0.7731388530560902, 0.7727928455386843, 0.77298298733575, 0.7723201760223933, 0.7695718714169093, 0.7661985299416951, 0.7647507829325539, 0.7643356182745524, 0.765399489232472, 0.7634555122682026]
64-32-0.0001 | [1.1000929772853851, 1.0964267253875732, 1.0911354720592499, 1.0873523950576782, 1.0847252309322357, 1.0802865326404572, 1.076267659664154, 1.0709936916828156, 1.0673884153366089, 1.061044305562973, 1.05772665143013, 1.0492016077041626, 1.0429537296295166, 1.0352743566036224, 1.0279926657676697, 1.0202246606349945, 1.0159867107868195, 1.0041237473487854, 0.9982438236474991, 0.9922807216644287, 0.9722567051649094, 0.9596366733312607, 0.947782963514328, 0.9466981142759323, 0.9255621880292892, 0.9242363423109055, 0.9049918949604034, 0.8863390684127808, 0.8758182376623154, 0.8647289276123047, 0.8469878137111664, 0.8273957967758179] | [1.1014617681503296, 1.0996594429016113, 1.0978642702102661, 1.0958847999572754, 1.0938236713409424, 1.0916686058044434, 1.089419960975647, 1.0870747566223145, 1.0844095945358276, 1.0815491676330566, 1.0784052610397339, 1.0750691890716553, 1.0716478824615479, 1.0679645538330078, 1.0637333393096924, 1.0589772462844849, 1.0540950298309326, 1.0490977764129639, 1.0438271760940552, 1.0384407043457031, 1.0324405431747437, 1.0262044668197632, 1.01980459690094, 1.0129834413528442, 1.0051647424697876, 0.9978187084197998, 0.9902414083480835, 0.981715202331543, 0.972783088684082, 0.9650401473045349, 0.9569737911224365, 0.9489688277244568]
32-64-0.0001 | [1.0973545461893082, 1.0882066488265991, 1.0801684111356735, 1.0748878866434097, 1.0657464116811752, 1.054130181670189, 1.0439171493053436, 1.0302375555038452, 1.0167324393987656, 0.9976961612701416, 0.9852210059762001, 0.9639808684587479, 0.9425022304058075, 0.9261669814586639, 0.8939006477594376, 0.8687341287732124, 0.8484167456626892, 0.8170345351099968, 0.7829136550426483, 0.7712476998567581, 0.7504151239991188, 0.708697073161602, 0.7053193971514702, 0.668517142534256, 0.6528348177671432, 0.6371515244245529, 0.6179618090391159, 0.5958550125360489, 0.5873544998466969, 0.5687576308846474, 0.5369208306074142, 0.5279682129621506, 0.5163571648299694, 0.509483315050602, 0.47421954944729805, 0.48017357662320137, 0.4522138796746731, 0.4570675939321518, 0.44652247428894043, 0.4323437698185444, 0.4125337637960911, 0.398227721452713, 0.41628584265708923, 0.3923240453004837, 0.3977181017398834, 0.38921716809272766, 0.36885493993759155, 0.3651357889175415, 0.319244559854269, 0.35897552967071533, 0.34225600957870483, 0.3243126329034567, 0.30344694294035435, 0.31730525754392147, 0.30153439193964005, 0.30173198878765106, 0.2937059495598078, 0.2841040566563606, 0.29011622443795204, 0.27383600547909737, 0.26102781668305397, 0.2686577755957842, 0.2761753909289837, 0.22818690165877342] | [1.0685368537902833, 1.064076052393232, 1.0591574089867728, 1.053416463306972, 1.046781369618007, 1.0402833802359446, 1.0328338384628295, 1.0243804556982858, 1.0158405593463353, 1.0048986383846827, 0.9936882155282157, 0.9822402221815927, 0.9695174694061279, 0.9542244945253645, 0.9397874287196568, 0.9266581637518746, 0.9131697263036456, 0.8999097875186375, 0.8882165568215507, 0.874494058745248, 0.8622115850448608, 0.8526860935347421, 0.8443371278899057, 0.8325097067015511, 0.823928998197828, 0.8133055738040379, 0.8057760885783605, 0.795034374509539, 0.7856471504483904, 0.7780290876116072, 0.7738856111254011, 0.7649180182388851, 0.7553712027413505, 0.7505019502980369, 0.7451769139085497, 0.7385307039533343, 0.7350618541240692, 0.7312814865793501, 0.7253261489527566, 0.7189958231789725, 0.7153777028833117, 0.7118360587528774, 0.7084426420075552, 0.7061601570674352, 0.7040411140237536, 0.6982468775340489, 0.6960972658225468, 0.6932904848030635, 0.6919626580817358, 0.6912054015057427, 0.687269875407219, 0.6850738193307604, 0.6833061222519193, 0.6807287054402488, 0.6797264248132706, 0.6777622082403728, 0.6750403702259063, 0.6745944006102426, 0.6783818010772977, 0.6791826329060964, 0.6790103018283844, 0.6774413372789111, 0.6748316960675376, 0.6747466704675129]
32-64-0.0001 | [1.107087031006813, 1.10106560587883, 1.0974306762218475, 1.0917523950338364, 1.0861960053443909, 1.0819666683673859, 1.075672671198845, 1.068596825003624, 1.0618641674518585, 1.0528152137994766, 1.037578046321869, 1.0244436487555504, 1.0143168047070503, 0.9928479865193367, 0.9807028323411942, 0.9637210592627525, 0.9480359852313995, 0.9221858754754066, 0.8960220739245415, 0.8751082941889763, 0.8642975464463234, 0.844612717628479, 0.8210624232888222, 0.8029355853796005, 0.7694144397974014, 0.7445989176630974, 0.7323901131749153, 0.7267748117446899, 0.703977920114994, 0.6835698038339615, 0.6602064520120621, 0.6479123160243034, 0.616803452372551, 0.603211909532547, 0.5915513783693314, 0.5814338773488998, 0.5487043000757694, 0.5609786957502365, 0.5202183946967125, 0.5360211282968521, 0.5248659551143646, 0.4881714805960655, 0.4949197359383106, 0.4838117025792599, 0.47354453429579735, 0.4453584738075733, 0.4610583819448948, 0.43191026896238327, 0.40800167992711067, 0.411166712641716, 0.3977763280272484, 0.3899308890104294, 0.3791237771511078, 0.38548919185996056, 0.37311053834855556, 0.3471670560538769, 0.3604360520839691, 0.3589862436056137, 0.3652454987168312, 0.3358220253139734, 0.2932548727840185, 0.32192578352987766, 0.29603290744125843, 0.30012707225978374] | [1.0585188899721418, 1.0571363959993636, 1.0558807134628296, 1.0549723386764527, 1.0541264125279017, 1.0527043989726474, 1.0509675196238926, 1.0489022970199584, 1.046444000516619, 1.0443884679249356, 1.0415104252951486, 1.0387377296175275, 1.0351615803582328, 1.0314889124461584, 1.0273246799196516, 1.0219960451126098, 1.016128591128758, 1.010915241922651, 1.0056449038641793, 0.9987610595566886, 0.9920998726572309, 0.985496141229357, 0.9782258970396859, 0.9712436829294477, 0.9639358486448015, 0.955377197265625, 0.946753534248897, 0.9372658320835658, 0.9286590337753295, 0.9192331416266305, 0.9096208129610334, 0.9001885431153434, 0.8921893579619271, 0.8832109042576382, 0.8746075562068394, 0.8666367105075291, 0.8596298592431205, 0.8504141875675746, 0.843026772567204, 0.8328796063150679, 0.8279733828135899, 0.8215312480926513, 0.8175748118332454, 0.8131305575370789, 0.8088551010404315, 0.8015116129602705, 0.795934203692845, 0.7877451547554561, 0.7816637805530003, 0.7766952914851052, 0.774723002740315, 0.7710082130772727, 0.767072765316282, 0.7596062660217285, 0.7521595818655832, 0.7503513378756387, 0.7448362639972141, 0.7409796731812613, 0.7385493687220982, 0.7353867564882551, 0.7332396200725011, 0.7306280076503754, 0.7278961045401436, 0.7252030338559832]
32-100-0.0001 | [1.1055403649806976, 1.0980810523033142, 1.0917023718357086, 1.0847875475883484, 1.0829872637987137, 1.0751577615737915, 1.0701052695512772, 1.0639954060316086, 1.0566855520009995, 1.0480540692806244, 1.0347038507461548, 1.0177492201328278, 1.005548156797886, 0.9850757792592049, 0.9701531454920769, 0.9472256153821945, 0.9282509535551071, 0.9108240827918053, 0.8861952349543571, 0.8544013872742653, 0.8379410430788994, 0.8097341805696487, 0.7813416048884392, 0.7508543506264687, 0.7244643867015839, 0.7139610126614571, 0.6904063373804092, 0.6770576760172844, 0.6543804258108139, 0.6338807791471481, 0.618234895169735, 0.612926572561264, 0.5863827429711819, 0.5652504861354828, 0.5540227703750134, 0.5370940379798412, 0.5077591650187969, 0.5083103142678738, 0.4797375872731209, 0.4728582836687565, 0.46132872998714447, 0.45004163682460785, 0.4369378499686718, 0.43314123153686523, 0.44567207247018814, 0.4092845357954502, 0.39944012463092804, 0.36076435074210167, 0.40239816531538963, 0.3756997585296631, 0.38052593916654587, 0.3723657913506031, 0.3468051627278328, 0.34791605547070503, 0.3381059728562832, 0.3323579616844654, 0.3167852610349655, 0.323572663590312, 0.3105229511857033, 0.2883306574076414, 0.3102820999920368, 0.29043368995189667, 0.3080202527344227, 0.2715476956218481, 0.26392119377851486, 0.2754390500485897, 0.2626473568379879, 0.25470738485455513, 0.2683437764644623, 0.22340049035847187, 0.2408307120203972, 0.22919462621212006, 0.23924474976956844, 0.23353582620620728, 0.2018128652125597, 0.22114256583154202, 0.21349644847214222, 0.19641715940088034, 0.2090975735336542, 0.2129246648401022, 0.18289812095463276, 0.1941132815554738, 0.18429898377507925, 0.17348025366663933, 0.17888222727924585, 0.17972580157220364, 0.17059520818293095, 0.16869390849024057, 0.17461457382887602, 0.16793477348983288, 0.15584338270127773, 0.15496640652418137, 0.16212988551706076, 0.14420664217323065, 0.1497293198481202, 0.14751927740871906, 0.1290966710075736, 0.14267837069928646, 0.14044020418077707, 0.12013652641326189] | [1.0837833711079188, 1.0808376176016672, 1.0779656852994646, 1.0749213968004498, 1.071729496547154, 1.0678781134741646, 1.0636955090931484, 1.0588318722588674, 1.0538116557257515, 1.047602619443621, 1.040250859941755, 1.0314639159611294, 1.022616173539843, 1.0122380409921918, 1.0023731197629655, 0.9910090889249529, 0.9799944009099688, 0.9693818330764771, 0.9577259642737252, 0.9475217035838536, 0.936477015699659, 0.9235589197703771, 0.9140732254300798, 0.9046144485473633, 0.8915061235427857, 0.8802319594791957, 0.8684283546039037, 0.8565457837922232, 0.8425488182476588, 0.8312244977269854, 0.8221620695931571, 0.8114716981138502, 0.8035290437085288, 0.7932877455438886, 0.7842025297028677, 0.7748061111995153, 0.7697643944195338, 0.7627953103610448, 0.7535351736204965, 0.7490322726113455, 0.7435357195990426, 0.7364063424723489, 0.7317736744880676, 0.727955675125122, 0.721628704241344, 0.7158376387187413, 0.7138589024543762, 0.7112427404948644, 0.7090025288718087, 0.7085411403860364, 0.7067798086575099, 0.6992202937602997, 0.6948967252458845, 0.6920578215803419, 0.6877401292324066, 0.6847741314343043, 0.6832566261291504, 0.681322033064706, 0.6799818915980202, 0.6788799260343824, 0.6783692078930991, 0.6785295477935246, 0.6767770179680416, 0.674508023262024, 0.6738078951835632, 0.6722317882946559, 0.6709479408604758, 0.6705582576138632, 0.6697382739612034, 0.6700295576027462, 0.6710728032248361, 0.6709189934389932, 0.6720310815743038, 0.6720020421913692, 0.6730378866195679, 0.6737874839987074, 0.6754158215863364, 0.6773658731154033, 0.6777420222759247, 0.6783273245607103, 0.6801546003137316, 0.6821692083563123, 0.6836106870855604, 0.6849817254713604, 0.6868758295263563, 0.6892481910330909, 0.6903991656644004, 0.6917273240430014, 0.6938212952443532, 0.6957882736410413, 0.6975688236100334, 0.6994814072336469, 0.7007367627961295, 0.7012365937232972, 0.7040575559650148, 0.7066598858152117, 0.7069553732872009, 0.7094092539378575, 0.7090891114303044, 0.71077492918287]
32-64-0.0001 | [1.0975283533334732, 1.0908320397138596, 1.0854103863239288, 1.0819388031959534, 1.077743262052536, 1.0701068341732025, 1.0654778331518173, 1.060488983988762, 1.04956816136837, 1.043205365538597, 1.0320041924715042, 1.0149253010749817, 1.010315552353859, 0.9959607645869255, 0.9786469340324402, 0.9609186202287674, 0.94554053992033, 0.9341503754258156, 0.9193183332681656, 0.8978960737586021, 0.8769718632102013, 0.869119293987751, 0.8314267471432686, 0.8187506347894669, 0.7937069162726402, 0.7969347983598709, 0.7530552819371223, 0.745726503431797, 0.7274417504668236, 0.7095965668559074, 0.6821205914020538, 0.6723432764410973, 0.6631731986999512, 0.6568794324994087, 0.6291175410151482, 0.6186302118003368, 0.6061152964830399, 0.5910985916852951, 0.5594544000923634, 0.5614912621676922, 0.5403394848108292, 0.5346140973269939, 0.5211881399154663, 0.5127019137144089, 0.5002844631671906, 0.4895257242023945, 0.4479001685976982, 0.4641624018549919, 0.46436816081404686, 0.44035720080137253, 0.41403453424572945, 0.4108663685619831, 0.4068031646311283, 0.38489109091460705, 0.3957313820719719, 0.3733092024922371, 0.38832100108265877, 0.3690614104270935, 0.3606054298579693, 0.34177327528595924, 0.33607412315905094, 0.3506453335285187, 0.3366533499211073, 0.3280961699783802] | [1.1279740231377737, 1.125523441178458, 1.1231032609939575, 1.1215004444122314, 1.1195229939052036, 1.1171984025410244, 1.114667728969029, 1.112122995512826, 1.1092851502554757, 1.1058515548706054, 1.101761817932129, 1.097965223448617, 1.0939720800944737, 1.0902371747153146, 1.085562082699367, 1.0809187071663993, 1.0750269515173776, 1.0690623555864607, 1.0617341876029969, 1.0533696617398942, 1.0450532828058516, 1.036495508466448, 1.026472451005663, 1.0172254494258335, 1.0079564196722848, 1.000172299998147, 0.9903351647513253, 0.9803001454898289, 0.9697074396269662, 0.9582141825131008, 0.94650000504085, 0.9356765116964068, 0.9259774787085396, 0.9158381819725037, 0.9071711421012878, 0.8985627736364092, 0.8903669791562216, 0.8816569779600416, 0.875434410572052, 0.8695910028048924, 0.8640894864286696, 0.8603783513818468, 0.8538323138441358, 0.8491788302149091, 0.8434528887271882, 0.8378647250788552, 0.8327164462634495, 0.831335015807833, 0.8255399627344949, 0.8221905606133597, 0.821772541318621, 0.820581437434469, 0.8184894838503429, 0.819853191290583, 0.8170973539352417, 0.8138175227812359, 0.8106976930584227, 0.8088764441864831, 0.80820748933724, 0.8051942787000111, 0.804913283245904, 0.805241254397801, 0.8024094807250159, 0.8026148859943663]
32-64-0.0001 | [1.0974681228399277, 1.0916739851236343, 1.0834526121616364, 1.0788175910711288, 1.072108656167984, 1.0662277340888977, 1.0585013926029205, 1.0515290200710297, 1.043922781944275, 1.0291613787412643, 1.0207760259509087, 0.9976944923400879, 0.985958456993103, 0.9677819907665253, 0.9440473765134811, 0.9404517784714699, 0.9143379777669907, 0.8842921108007431, 0.8528393432497978, 0.8468987941741943, 0.8086719512939453, 0.7983368411660194, 0.773145504295826, 0.7444286346435547, 0.7219412624835968, 0.6876989006996155, 0.6889465898275375, 0.6709004268050194, 0.6393215879797935, 0.6103334277868271, 0.6211309880018234, 0.5828107967972755, 0.5721465423703194, 0.5662000700831413, 0.5541002340614796, 0.5246095880866051, 0.4940156899392605, 0.5124979875981808, 0.5084269493818283, 0.48568145185709, 0.47745026275515556, 0.47462016344070435, 0.454060897231102, 0.46967336535453796, 0.43499496206641197, 0.43173643201589584, 0.4354585837572813, 0.4113660119473934, 0.39038214832544327, 0.41610049828886986, 0.3989380747079849, 0.39106428623199463, 0.3659036308526993, 0.3797062337398529, 0.3685484267771244, 0.37751564756035805, 0.335944727063179, 0.3313268627971411, 0.3233879394829273, 0.3431101590394974, 0.321737851947546, 0.3109499588608742, 0.2993456497788429, 0.28532761335372925] | [1.0848624195371355, 1.0825055769511631, 1.0789811168398176, 1.0751625197274344, 1.0711215155465261, 1.066686589377267, 1.0617931689534867, 1.0571888276508876, 1.0528901406696864, 1.0478607092584882, 1.0425040210996355, 1.0369979075023106, 1.03048369373594, 1.0233479363577707, 1.0150559782981872, 1.006730226108006, 0.9981938736779349, 0.9881368262427194, 0.9778684071132115, 0.967159492628915, 0.9562400528362819, 0.9449453745569502, 0.9357672095298767, 0.9256233164242336, 0.9139928272792271, 0.9037408062389919, 0.8950731226376125, 0.8858935611588614, 0.8780968172209603, 0.8727579610688346, 0.866359909091677, 0.8590116279465811, 0.8508782812527248, 0.8453530371189117, 0.8406536298138755, 0.8337784792695727, 0.8292204184191567, 0.8256072776658194, 0.8192033554826464, 0.8161975196429662, 0.8130218931606837, 0.8100879882063184, 0.8089087946074349, 0.8052573221070426, 0.8047409040587289, 0.8045333142791475, 0.8013212050710405, 0.7980016342231205, 0.7926174687487738, 0.7905321806669235, 0.7911463209560939, 0.7901104305471692, 0.7914303289992469, 0.7943681423153196, 0.7961299883467811, 0.7950831677232469, 0.796328192949295, 0.7965733698436193, 0.7980736247130803, 0.7993142758096967, 0.8000172070094518, 0.7972449732678277, 0.7989066247429166, 0.801742936883654]
32-64-0.0001 | [1.1046583950519562, 1.103249341249466, 1.1016795784235, 1.0937147587537766, 1.0929462611675262, 1.0878100395202637, 1.08443483710289, 1.0818341225385666, 1.071721374988556, 1.063267394900322, 1.0501736402511597, 1.0367594510316849, 1.0159205719828606, 0.9847350493073463, 0.9634527489542961, 0.9240633770823479, 0.8934846594929695, 0.8547153547406197, 0.8297017142176628, 0.8024941012263298, 0.7823679447174072, 0.7548678815364838, 0.7361588254570961, 0.6951472088694572, 0.7003291174769402, 0.6723978221416473, 0.6204830706119537, 0.5993680022656918, 0.5843827277421951, 0.5568486601114273, 0.5183204561471939, 0.4893594942986965, 0.4775671996176243, 0.4415104165673256, 0.4280419684946537, 0.41993772238492966, 0.3865339159965515, 0.3879118077456951, 0.3373850230127573, 0.32819902151823044, 0.330868361517787, 0.3232538066804409, 0.2985364105552435, 0.30023192800581455, 0.29318988882005215, 0.27875727228820324, 0.24923389218747616, 0.22547651641070843, 0.2107219211757183, 0.24474144726991653, 0.2325003957375884, 0.23908665217459202, 0.21746817138046026, 0.19814797583967447, 0.20808518957346678, 0.21376934088766575, 0.1754251727834344, 0.2241516187787056, 0.173958582803607, 0.17947779316455126, 0.20085651520639658, 0.16578065883368254, 0.15967830549925566, 0.15453953761607409] | [1.077965838568551, 1.0771778515407018, 1.0759115423474992, 1.0743697949818203, 1.0726470232009888, 1.0708260706492834, 1.0687637329101562, 1.0660145793642317, 1.0627059085028512, 1.059781813621521, 1.0566651242119924, 1.0534182514463153, 1.0489159073148455, 1.042735811642238, 1.0383485180991037, 1.0335987499782018, 1.0264248303004673, 1.0208538838795254, 1.0111263377325876, 1.0002290896006993, 0.9901591232844762, 0.9772742646081107, 0.9642896124294826, 0.956049805028098, 0.9370307104928153, 0.9096110871859959, 0.8812638248716081, 0.8591425929750715, 0.8310342618397304, 0.8008464881352015, 0.782770083631788, 0.771393243755613, 0.7558655253478459, 0.740066042968205, 0.7237429465566363, 0.7177818281309946, 0.715263956785202, 0.6937685234206064, 0.6826558317456927, 0.6764855687107358, 0.6703872169767108, 0.6674331056220191, 0.6641285934618542, 0.656526677097593, 0.6578866613762719, 0.6598767770188195, 0.6504436054400036, 0.6500167963760239, 0.6557283278022493, 0.6603747395532472, 0.6631369267191206, 0.6681985171777861, 0.6666229784488678, 0.6698778759155954, 0.6718002972858292, 0.6740671242986407, 0.6763897208230836, 0.6819854685238429, 0.6853105923959187, 0.6894388828958784, 0.6934199467301368, 0.6983811549842358, 0.7076917856931686, 0.7146870374679566]
32-50-0.0001 | [1.0989257842302322, 1.0970440655946732, 1.0929189026355743, 1.0908135622739792, 1.0857918113470078, 1.0805987417697906, 1.07660573720932, 1.067754402756691, 1.0589284747838974, 1.0499255508184433, 1.035822570323944, 1.0278448462486267, 1.0022089257836342, 0.9728725254535675, 0.9530119076371193, 0.9254284575581551, 0.8925827145576477, 0.8638658821582794, 0.8339823931455612, 0.822871521115303, 0.8016594722867012, 0.7793721109628677, 0.7598739415407181, 0.7086079344153404, 0.680809497833252, 0.6974014267325401, 0.6667472422122955, 0.613144688308239, 0.6336883902549744, 0.6034400351345539, 0.5637372843921185, 0.5727818571031094, 0.5429102554917336, 0.5383224077522755, 0.5201455056667328, 0.5016355141997337, 0.48621276021003723, 0.4676225483417511, 0.47294335439801216, 0.4673038460314274, 0.4031129293143749, 0.39571965485811234, 0.4213239550590515, 0.4133607819676399, 0.40040619671344757, 0.38222016394138336, 0.40657203644514084, 0.3422437012195587, 0.33411817625164986, 0.3463263176381588] | [1.072833364350455, 1.0718604496547155, 1.070779582432338, 1.0697097642081124, 1.0684446471078055, 1.0668741941452027, 1.064862949507577, 1.0626423120498658, 1.0603991440364293, 1.0577306474958148, 1.0549780539103917, 1.051925039291382, 1.0488448415483747, 1.0438295943396432, 1.0391795975821358, 1.033176875114441, 1.0269506522587368, 1.0202703816550118, 1.0133871350969588, 1.0041591950825282, 0.9947731852531433, 0.9860858644757952, 0.9758493321282523, 0.9631035600389753, 0.9484288147517613, 0.9354137659072876, 0.9256748165403094, 0.9126846092087882, 0.8997816818101065, 0.8853154233523778, 0.8742059639522007, 0.8603077786309379, 0.8489484786987305, 0.8386381115232195, 0.8348705632346017, 0.8302747419902257, 0.8199235115732465, 0.805589302948543, 0.7919041446277073, 0.7832341883863722, 0.7791638272149223, 0.7746316151959556, 0.7725441362176623, 0.7685243478843145, 0.7633666523865291, 0.7599364561694009, 0.7550957909652165, 0.75031749691282, 0.7482090660503933, 0.7456524729728699]
32-50-0.0001 | [1.1046607345342636, 1.0962936580181122, 1.0961531400680542, 1.0974967926740646, 1.0861458629369736, 1.0886435508728027, 1.0825306475162506, 1.0788174718618393, 1.0730590224266052, 1.0680048912763596, 1.0590707063674927, 1.0529354959726334, 1.0458392351865768, 1.0347202643752098, 1.0202259868383408, 0.9962443113327026, 0.9955348074436188, 0.9691662341356277, 0.9384620934724808, 0.8898920118808746, 0.8984938487410545, 0.8527521267533302, 0.8214654326438904, 0.7890010848641396, 0.7961899563670158, 0.72427998483181, 0.66496492177248, 0.6936289370059967, 0.6267835199832916, 0.6035806611180305, 0.5941961966454983, 0.5958907268941402, 0.5615581050515175, 0.5277296267449856, 0.5290316715836525, 0.5228801220655441, 0.5047251842916012, 0.5139942429959774, 0.44044502452015877, 0.45369770005345345, 0.43061160296201706, 0.4101072736084461, 0.39999334141612053, 0.39600083231925964, 0.38276606425642967, 0.36412159353494644, 0.3725856337696314, 0.3620390724390745, 0.35740599781274796, 0.3906254507601261] | [1.0617832149778093, 1.0609509127480643, 1.0599525962557113, 1.0590259790420533, 1.0574865204947335, 1.0556650604520526, 1.0534516096115112, 1.0504768916538783, 1.0469539472034999, 1.0431430680411202, 1.038031050137111, 1.0309746503829955, 1.0227506365094865, 1.012625369003841, 1.0004396149090358, 0.9862686361585344, 0.9699250936508179, 0.9533045717648098, 0.9324315173285348, 0.9113782525062561, 0.8894058193479265, 0.8677044885499137, 0.8443412320954459, 0.8256462369646345, 0.8112467050552368, 0.8034981795719691, 0.7907623614583696, 0.7772508936268943, 0.7618228486606053, 0.7557568686349051, 0.7498087772301265, 0.7400064562048231, 0.7266204825469426, 0.7192028837544577, 0.7149784599031721, 0.710463787828173, 0.7037877385105406, 0.6973073303699493, 0.6950186980622155, 0.6926198780536652, 0.6914096632174083, 0.6910008873258319, 0.6886028017316546, 0.6886658200195858, 0.6875783307211739, 0.6828262469598225, 0.6818639299699238, 0.6815728830439703, 0.6823168126600129, 0.6834300290260996]
32-50-0.0001 | [1.0982020199298859, 1.0939184874296188, 1.0930349081754684, 1.0902910232543945, 1.0846575498580933, 1.078959658741951, 1.0695052742958069, 1.0587672889232635, 1.037991002202034, 1.016441434621811, 0.9856882095336914, 0.9553416222333908, 0.9105013385415077, 0.8802014887332916, 0.8345406875014305, 0.8007949590682983, 0.7663068473339081, 0.7454647645354271, 0.7005361467599869, 0.6726962104439735, 0.6321123987436295, 0.6013727486133575, 0.5729662254452705, 0.5288425385951996, 0.5128901973366737, 0.47588225454092026, 0.44356733188033104, 0.45911359041929245, 0.42819894105196, 0.3851332403719425, 0.37226469814777374, 0.33988948725163937, 0.3225094936788082, 0.2958787027746439, 0.3335605189204216, 0.30009264685213566, 0.26067380513995886, 0.2591417543590069, 0.2664066106081009, 0.22997351177036762, 0.23128161951899529, 0.21141920145601034, 0.2010776298120618, 0.17064469400793314, 0.1715065510943532, 0.16941998433321714, 0.19088323134928942, 0.16553359106183052, 0.14963776897639036, 0.15428791847079992] | [1.086495235988072, 1.085826311792646, 1.0849625723702567, 1.084079670906067, 1.0826979126249041, 1.0808370011193411, 1.078871042387826, 1.075635153906686, 1.0704206705093384, 1.0642716561044965, 1.0574899400983537, 1.0517389246395656, 1.0439742769513811, 1.0333134583064487, 1.018858880656106, 0.9995133638381958, 0.9816867913518633, 0.9573069623538426, 0.9349681786128453, 0.9083989637238639, 0.8935299107006618, 0.8640851838248117, 0.8349497846194676, 0.812857472896576, 0.7929791195052011, 0.7582553310053689, 0.7346546820231846, 0.7169166011469704, 0.6988236921174186, 0.6926606280463082, 0.6892818565879549, 0.6791100480726787, 0.6764014001403537, 0.669142689875194, 0.6672866052814892, 0.6635160229035786, 0.6649848331298147, 0.6620679961783545, 0.6645820668765476, 0.6669820114970207, 0.666954835823604, 0.6700598325048174, 0.6725269532629422, 0.6766335609768118, 0.681975933270795, 0.6835595641817366, 0.686472222741161, 0.6970868402293751, 0.699094743175166, 0.704740507794278]
32-50-0.0001 | [1.103169023990631, 1.0972324758768082, 1.093008428812027, 1.092652976512909, 1.091743990778923, 1.086427018046379, 1.0808975994586945, 1.0727885365486145, 1.0663291066884995, 1.0525651425123215, 1.0418234318494797, 1.0255885273218155, 1.013575553894043, 0.9963229596614838, 0.9802077412605286, 0.9515683725476265, 0.9261445701122284, 0.9031221568584442, 0.8645830526947975, 0.8386794179677963, 0.8067972585558891, 0.7923032492399216, 0.7590106353163719, 0.7353336289525032, 0.711447462439537, 0.6707414537668228, 0.6632402762770653, 0.6430804505944252, 0.6015023812651634, 0.6223104074597359, 0.6008813641965389, 0.5896816402673721, 0.5660976320505142, 0.5396013595163822, 0.528950784355402, 0.46635934337973595, 0.4934016168117523, 0.4809340238571167, 0.4596780017018318, 0.42788446322083473, 0.4420878440141678, 0.4029998257756233, 0.35292651131749153, 0.3774464428424835, 0.3699632026255131, 0.3803188391029835, 0.35473138093948364, 0.35014844313263893, 0.3414690885692835, 0.33054245822131634] | [1.0662726163864136, 1.0655474390302386, 1.0649318729128157, 1.0639164890561785, 1.0629081692014422, 1.0615734440939768, 1.0601641382489886, 1.0579050983701432, 1.0553513901574272, 1.0521615403039115, 1.0478475366319928, 1.0439698457717896, 1.0393266030720303, 1.0341132300240652, 1.0283874647957938, 1.0231255156653267, 1.0163886121341161, 1.0084225705691747, 1.0001915999821254, 0.991898889201028, 0.9835026162011283, 0.975061571598053, 0.9658186759267534, 0.952543568611145, 0.936912431035723, 0.9235628485679627, 0.908658104283469, 0.8911331755774362, 0.874890044757298, 0.8616230896541051, 0.8487534778458732, 0.8326739890234811, 0.8184789725712367, 0.8058713155133383, 0.7969717298235212, 0.7876654420580183, 0.7800779070172991, 0.7690643097673143, 0.7620079636573791, 0.7519168129989079, 0.7454315790108272, 0.7342847338744573, 0.7292223389659609, 0.7264159513371331, 0.7171651503869465, 0.7089755271162306, 0.7049453530992781, 0.7026623904705047, 0.7014270995344435, 0.7011842531817299]
32-50-0.0001 | [1.1036184430122375, 1.1012047678232193, 1.0982975512742996, 1.0945769101381302, 1.0916988849639893, 1.080692321062088, 1.0782434865832329, 1.0749417841434479, 1.072021797299385, 1.059136912226677, 1.0498652905225754, 1.0305098742246628, 1.0187820941209793, 1.0023228600621223, 0.9799933284521103, 0.9627895131707191, 0.9366170912981033, 0.8967645242810249, 0.8602338060736656, 0.8222574815154076, 0.7817309722304344, 0.7709281072020531, 0.6995876431465149, 0.6838517412543297, 0.644806481897831, 0.5850302651524544, 0.5792906731367111, 0.5527395866811275, 0.5562592819333076, 0.5109157934784889, 0.4723246730864048, 0.45941779389977455, 0.4670982398092747, 0.4189743734896183, 0.4356187582015991, 0.414862684905529, 0.3804109990596771, 0.39433553814888, 0.3547665737569332, 0.36192840710282326, 0.3461978677660227, 0.3068702258169651, 0.3233122806996107, 0.29268048517405987, 0.3048332929611206, 0.3191479314118624, 0.2854492850601673, 0.28782179206609726, 0.26041005551815033, 0.23924706131219864] | [1.12563898733684, 1.124346251147134, 1.1231736847332545, 1.121485606261662, 1.1189708743776594, 1.1163905024528504, 1.113388362952641, 1.1099407587732588, 1.106216083254133, 1.1012953894478934, 1.0955388597079685, 1.0898617812565394, 1.0816843322345189, 1.0723163298198155, 1.0626863087926592, 1.0502090096473693, 1.0357557654380798, 1.0177275793892997, 0.9995204959596906, 0.9829248649733408, 0.9662238572325025, 0.9381986379623413, 0.9207377910614014, 0.8978348910808563, 0.8801861124379294, 0.8624956463064466, 0.8440315646784646, 0.8223304710217885, 0.7950448547090803, 0.767664640716144, 0.7583940838064466, 0.7513311322246279, 0.744005240712847, 0.7476293729884284, 0.7390243408935411, 0.7402964951736587, 0.7242209798523358, 0.7100451705711228, 0.6997200410280909, 0.6930032864212989, 0.6874884396791459, 0.6845595302326338, 0.6840415905628886, 0.6886157114590917, 0.6940797667418207, 0.6919728676123279, 0.6850756821887833, 0.6856436479304518, 0.6873904881732804, 0.6906215273908206]
32-50-0.0001 | [1.0986186563968658, 1.0981753915548325, 1.0940135717391968, 1.0918740034103394, 1.0900734812021255, 1.080075979232788, 1.079166829586029, 1.0744063556194305, 1.0591482520103455, 1.0575557947158813, 1.048537939786911, 1.0359580963850021, 1.0286019444465637, 1.0072114020586014, 0.9931767135858536, 0.9747607782483101, 0.9458934739232063, 0.9192332923412323, 0.8768139481544495, 0.8446981385350227, 0.804284580051899, 0.7608205899596214, 0.7210904136300087, 0.6742052435874939, 0.6155872792005539, 0.5896482616662979, 0.5450813136994839, 0.5252310298383236, 0.4857204034924507, 0.5017783381044865, 0.4761914052069187, 0.457430824637413, 0.3926829658448696, 0.42261281982064247, 0.40601125732064247, 0.3581927865743637, 0.393997922539711, 0.33342554420232773, 0.35879003070294857, 0.3110136464238167, 0.32859477028250694, 0.311572065576911, 0.2727389056235552, 0.27826729230582714, 0.2790876515209675, 0.25925352424383163, 0.2805538587272167, 0.2589265611022711, 0.24080570973455906, 0.2091598529368639] | [1.09492393050875, 1.0935584323746816, 1.0917567781039648, 1.089223553453173, 1.086338550703866, 1.083062447820391, 1.079123214312962, 1.0738920654569353, 1.0684341396604264, 1.061882439681462, 1.0548126271792821, 1.0455444489206587, 1.0363011837005616, 1.0255745717457363, 1.0108355147497994, 0.9938557948384966, 0.9738821574619838, 0.9523160423551287, 0.9334186213357109, 0.9104205352919442, 0.8902576633862087, 0.8701901478426797, 0.8520931218351636, 0.8331118319715772, 0.8143538151468549, 0.7987293456281934, 0.7872108953339713, 0.7667544339384351, 0.7522790776831764, 0.7429713594061987, 0.7247192280633109, 0.7173468074628285, 0.7199308323008674, 0.7099666250603539, 0.7024364211729595, 0.7011178378547941, 0.6914847405893462, 0.6937477026666914, 0.6902489985738481, 0.6858820717249597, 0.6760251607213702, 0.6717999554106168, 0.6734108211738723, 0.6749611156327384, 0.6775339064853532, 0.6756522782146931, 0.6795619393033641, 0.6816583565303258, 0.6831839535917554, 0.6850268882300172]
32-50-0.0001 | [1.1043376475572586, 1.1010248064994812, 1.1004525423049927, 1.0954060852527618, 1.093095600605011, 1.0904231667518616, 1.0873052775859833, 1.0792542845010757, 1.07320336997509, 1.065871074795723, 1.0550148785114288, 1.0441561937332153, 1.0209675431251526, 0.9971275106072426, 0.9717970415949821, 0.9320698380470276, 0.883982315659523, 0.8523642346262932, 0.7968117073178291, 0.7442828491330147, 0.7023618221282959, 0.6796780079603195, 0.6404047533869743, 0.5990372374653816, 0.5823497325181961, 0.5252873562276363, 0.49199216812849045, 0.5047633498907089, 0.4317813627421856, 0.46103011444211006, 0.4204956144094467, 0.3873364105820656, 0.40530243143439293, 0.36785784363746643, 0.3654293082654476, 0.34682371839880943, 0.31261990033090115, 0.34283215552568436, 0.32377304695546627, 0.29269688948988914, 0.29164658673107624, 0.2902344726026058, 0.26800763979554176, 0.2719938885420561, 0.24583747796714306, 0.21652684081345797, 0.2276997808367014, 0.18882435839623213, 0.2304601352661848, 0.19436523877084255] | [1.0489098480769565, 1.0481312819889614, 1.0473047392708914, 1.0459973778043474, 1.0442002602985927, 1.041983904157366, 1.0393595593316214, 1.036548103604998, 1.0331730263573782, 1.0291775669370378, 1.0236150026321411, 1.0164430618286133, 1.0079231909343174, 0.9981575693402972, 0.9876524482454573, 0.974132079737527, 0.95842946767807, 0.9433063847678048, 0.9295483759471348, 0.9110957247870309, 0.8965501308441162, 0.8797405651637487, 0.860554325580597, 0.844015143598829, 0.8278144274439131, 0.8121051601001195, 0.7984280279704503, 0.7847224456923348, 0.7735962867736816, 0.7619784440313067, 0.7479951688221522, 0.7383681109973362, 0.7306092756135123, 0.7246058123452322, 0.7231226239885603, 0.7199171457971846, 0.7162634091717857, 0.7129686892032623, 0.7128525401864733, 0.7053222468921116, 0.6978734638009753, 0.6940479738371713, 0.6912191893373217, 0.689894186598914, 0.6888433081763131, 0.6886577708380562, 0.6910422563552856, 0.6904940690313067, 0.6944528571196965, 0.6951663953917367]
32-50-0.0001 | [1.103864848613739, 1.096408262848854, 1.0933992266654968, 1.0918292701244354, 1.0876965373754501, 1.083846241235733, 1.0796540081501007, 1.0697423219680786, 1.064334362745285, 1.0536413341760635, 1.0346709042787552, 1.019293911755085, 1.0070465728640556, 0.9820416197180748, 0.9523917213082314, 0.9204519242048264, 0.8836753442883492, 0.8553033769130707, 0.8067473396658897, 0.7778144553303719, 0.7394354045391083, 0.7149965465068817, 0.6993047669529915, 0.663548082113266, 0.6256093457341194, 0.6056558676064014, 0.5621729120612144, 0.5593489557504654, 0.5269211158156395, 0.5187025256454945, 0.4892129711806774, 0.4668242260813713, 0.44306837022304535, 0.42891039326786995, 0.4005158729851246, 0.41837096586823463, 0.3934672698378563, 0.41001369059085846, 0.34345090948045254, 0.352626521140337, 0.37052201479673386, 0.31945642083883286, 0.3414521533995867, 0.3237567190080881, 0.32738104835152626, 0.3143136687576771, 0.27952340245246887, 0.2940061539411545, 0.2724623940885067, 0.24439105577766895] | [1.10934716463089, 1.1070675492286681, 1.104586388383593, 1.1016513228416442, 1.0983220151492528, 1.0947281667164395, 1.0900152172361102, 1.0842555029051644, 1.07774852173669, 1.0703415393829345, 1.062581273487636, 1.054670694896153, 1.0455584236553737, 1.034192202772413, 1.0220832177570889, 1.0085687262671335, 0.9928123916898455, 0.9753607801028661, 0.95840231691088, 0.9395156468663897, 0.9213440094675337, 0.9020886557442801, 0.879119953087398, 0.8601166043962751, 0.8413484913962228, 0.8205860938344683, 0.8104633186544691, 0.7996758580207824, 0.7888876668044499, 0.7722348545278822, 0.7577721348830632, 0.7503480332238334, 0.7442297296864646, 0.7387122554438454, 0.7442614342485155, 0.7316383293696812, 0.7198972595589501, 0.717703577876091, 0.7087064432246345, 0.701687929885728, 0.6942060815436499, 0.6859620379550116, 0.6833921458039965, 0.6742837914398738, 0.662792655825615, 0.6603994314159666, 0.6655232403959547, 0.666040136558669, 0.6618077750716891, 0.6593673876353673]
32-50-0.0001 | [1.102236494421959, 1.1025186777114868, 1.1002595573663712, 1.096674606204033, 1.0952697545289993, 1.0944120436906815, 1.0910641103982925, 1.0847826451063156, 1.0797258168458939, 1.0727503299713135, 1.063088744878769, 1.057513952255249, 1.0421583652496338, 1.03252574801445, 1.0116825103759766, 0.9909185171127319, 0.9735559821128845, 0.9404009282588959, 0.9105443060398102, 0.8809447810053825, 0.8532727062702179, 0.8255252614617348, 0.7812071591615677, 0.7629583552479744, 0.7202872559428215, 0.6975096762180328, 0.669119581580162, 0.6546474397182465, 0.6271350905299187, 0.5746660344302654, 0.5875958576798439, 0.5813433527946472, 0.540984146296978, 0.5200893133878708, 0.5028187148272991, 0.4982667863368988, 0.4860365726053715, 0.4689669534564018, 0.4168108105659485, 0.42387518659234047, 0.375540005043149, 0.38854439556598663, 0.36714453622698784, 0.33277907595038414, 0.3641247805207968, 0.32770293578505516, 0.30766006000339985, 0.2952249851077795, 0.27781755290925503, 0.24714010395109653] | [1.0707875183650426, 1.0699558019638062, 1.0690846715654645, 1.0679417950766428, 1.066589607511248, 1.064655750138419, 1.0623827832085746, 1.0599090848650252, 1.0574303933552334, 1.0546209846224104, 1.051148213659014, 1.0473990985325405, 1.0425100088119508, 1.0373299768992832, 1.0318106532096862, 1.0254078217915126, 1.0177213890211922, 1.0083074910300118, 0.9971312437738691, 0.9865056003843035, 0.9751723885536194, 0.9621339815003531, 0.9501824804714748, 0.9388780185154506, 0.922978128705706, 0.908240989276341, 0.8991685782160078, 0.8896318776266915, 0.8790343054703303, 0.8646749939237323, 0.8515488488333566, 0.8340938610689981, 0.8198890677520208, 0.822333032318524, 0.7977786255734307, 0.7794030206544059, 0.7628310101372855, 0.7487147267375673, 0.7216135548693793, 0.7031934733901705, 0.7037295260599681, 0.6983249864407948, 0.6921518508877073, 0.7013087621756963, 0.6928422944886344, 0.6777905476944787, 0.6625722702060427, 0.6564412615128926, 0.6641153837953295, 0.6713261659656252]
32-50-0.0001 | [1.1006427705287933, 1.099100038409233, 1.097047433257103, 1.0947068631649017, 1.0929047018289566, 1.0906067341566086, 1.0848649144172668, 1.0800573229789734, 1.0743154436349869, 1.067227154970169, 1.0566405355930328, 1.0439285635948181, 1.028133362531662, 1.0112889036536217, 0.9891336560249329, 0.9615678787231445, 0.9329491257667542, 0.900951936841011, 0.8635590299963951, 0.832416869699955, 0.793623611330986, 0.7604299858212471, 0.7198702841997147, 0.694941982626915, 0.6455684900283813, 0.6380019709467888, 0.5948769375681877, 0.564956970512867, 0.5362408496439457, 0.4912760779261589, 0.47323641180992126, 0.4628952369093895, 0.4445206969976425, 0.44309069961309433, 0.4002041257917881, 0.3901406414806843, 0.3718266859650612, 0.3573204930871725, 0.31699850782752037, 0.34304262697696686, 0.3306043744087219, 0.3028806373476982, 0.3107804413884878, 0.26513183675706387, 0.2704207766801119, 0.2946184277534485, 0.2586567588150501, 0.2605562936514616, 0.2440926805138588, 0.2694917432963848] | [1.0679141283035278, 1.0673360007149832, 1.0668515511921475, 1.0662233352661132, 1.0654516049793787, 1.0643779448100499, 1.0634984936032976, 1.0618589639663696, 1.0598776715142386, 1.057262441090175, 1.0533107008252824, 1.049841024194445, 1.04632317338671, 1.0408584713935851, 1.033393681049347, 1.0238511749676296, 1.012067401409149, 1.0003521714891705, 0.9891424383435931, 0.9757752844265529, 0.9600119403430394, 0.9420698898179191, 0.9263436453683036, 0.9019830737795148, 0.884936385495322, 0.8699807899338858, 0.8472438965524945, 0.8271562337875367, 0.8151912655149187, 0.7980484826224191, 0.7817968385560172, 0.7655268056052071, 0.7498076907226018, 0.7474846890994481, 0.732835396698543, 0.7279282586915152, 0.7254469837461199, 0.7295403403895242, 0.7214942276477814, 0.7210389699254717, 0.7041831314563751, 0.6907344749995641, 0.6951000656400408, 0.6931236718382154, 0.6831728705338069, 0.6907510757446289, 0.6779862523078919, 0.6776120445558003, 0.6715579352208546, 0.6696684317929404]
32-50-0.0001 | [1.1037061363458633, 1.0994640290737152, 1.0978163331747055, 1.0954734236001968, 1.0945623219013214, 1.0926985293626785, 1.0880496501922607, 1.083987906575203, 1.082368716597557, 1.075178399682045, 1.0677861869335175, 1.0604754984378815, 1.0500304251909256, 1.035579890012741, 1.0178015381097794, 0.9920762851834297, 0.9784838780760765, 0.9447266459465027, 0.9143270999193192, 0.8714688941836357, 0.8326864764094353, 0.7853827774524689, 0.7399438917636871, 0.7073673531413078, 0.6668720841407776, 0.6468610763549805, 0.6203886196017265, 0.5780357047915459, 0.5537855811417103, 0.5240419954061508, 0.5245999135077, 0.47773994505405426, 0.48577210679650307, 0.49972134828567505, 0.45456597954034805, 0.47487804666161537, 0.44503341242671013, 0.3779219910502434, 0.4060869887471199, 0.3973854035139084, 0.3658598065376282, 0.37180835008621216, 0.38556282594799995, 0.33779079280793667, 0.35884182900190353, 0.3215782381594181, 0.3272643592208624, 0.296754689887166, 0.2825540490448475, 0.2840918004512787] | [1.0622214930398124, 1.061673447063991, 1.0606456790651595, 1.059151145390102, 1.05729432787214, 1.055088792528425, 1.0522626093455723, 1.0486437388828822, 1.0443736723491124, 1.0388414689472742, 1.0326670748846871, 1.0251223053250993, 1.0154745510646275, 1.0035700184958323, 0.9898329479353768, 0.9738197939736503, 0.955975752217429, 0.9374931045940944, 0.9173646671431405, 0.8967204587800163, 0.8762193220002311, 0.8547142880303519, 0.8344325610569545, 0.816372185094016, 0.8034862194742475, 0.7941532816205706, 0.7814495955194746, 0.7644709518977574, 0.757351016998291, 0.7484088012150356, 0.7422356597014836, 0.739672782591411, 0.7389590501785278, 0.7318323390824454, 0.7174072146415711, 0.7187155272279467, 0.720342857497079, 0.7225274656500135, 0.713088480915342, 0.7019706462110792, 0.6919525623321533, 0.6911329405648368, 0.679346331528255, 0.6762316022600446, 0.6770868284361703, 0.6742717717375074, 0.6750469361032758, 0.6694028403077806, 0.6806583272559302, 0.6835617129291807]
32-50-0.0001 | [1.0957437604665756, 1.0964453369379044, 1.0963937640190125, 1.0923977494239807, 1.0884845703840256, 1.084133505821228, 1.0805094540119171, 1.0713376998901367, 1.068617895245552, 1.053160846233368, 1.042855590581894, 1.0291795581579208, 1.01488696038723, 0.9900902956724167, 0.9687236398458481, 0.9451247379183769, 0.9230009615421295, 0.878640852868557, 0.8354834169149399, 0.8055856749415398, 0.789345309138298, 0.7493014335632324, 0.7155877649784088, 0.6725038811564445, 0.6271365284919739, 0.6118424758315086, 0.5828423574566841, 0.5478449575603008, 0.5168576501309872, 0.5193169005215168, 0.4935414344072342, 0.4831933230161667, 0.486968781799078, 0.4732726402580738, 0.4369335025548935, 0.41445812955498695, 0.39334161952137947, 0.34524720534682274, 0.38889525830745697, 0.3625790774822235, 0.3666638005524874, 0.3505607768893242, 0.3390386067330837, 0.3291575275361538, 0.33363356441259384, 0.3385749328881502, 0.33371073938906193, 0.30445010773837566, 0.2931168768554926, 0.2845265530049801] | [1.1029206718717302, 1.1012373788016183, 1.098996376991272, 1.0963512454714095, 1.0930308444159371, 1.0891466583524432, 1.0843069962092808, 1.0780304636274065, 1.0699230704988751, 1.0595676864896502, 1.0480957984924317, 1.0338128243173872, 1.0165652002607073, 0.9965881364686149, 0.9731295653751918, 0.9507957577705384, 0.9296767950057984, 0.909579256602696, 0.8892626523971557, 0.8710889952523367, 0.8575139420373099, 0.8397348957402365, 0.82308612040111, 0.8081993826798031, 0.7960085545267378, 0.7896511265209742, 0.7813672491482326, 0.7685037570340293, 0.759823248216084, 0.7654346781117576, 0.7620205274650029, 0.7534425169229507, 0.7299146068947656, 0.7192306940044676, 0.7109947391918727, 0.7028766180787768, 0.7019274400813239, 0.7075304848807199, 0.7072746498244149, 0.6943984406335013, 0.6794190938983645, 0.6720193509544645, 0.6692463202135903, 0.657479926943779, 0.6518389914716993, 0.6459059698241097, 0.6421693950891495, 0.6427722718034472, 0.6560673045260565, 0.645368762740067]
32-50-0.0001 | [1.0957437604665756, 1.0964453369379044, 1.0963937640190125, 1.0923977494239807, 1.0884845703840256, 1.084133505821228, 1.0805094540119171, 1.0713376998901367, 1.068617895245552, 1.053160846233368, 1.042855590581894, 1.0291795581579208, 1.01488696038723, 0.9900902956724167, 0.9687236398458481, 0.9451247379183769, 0.9230009615421295, 0.878640852868557, 0.8354834169149399, 0.8055856749415398, 0.789345309138298, 0.7493014335632324, 0.7155877649784088, 0.6725038811564445, 0.6271365284919739, 0.6118424758315086, 0.5828423574566841, 0.5478449575603008, 0.5168576501309872, 0.5193169005215168, 0.4935414344072342, 0.4831933230161667, 0.486968781799078, 0.4732726402580738, 0.4369335025548935, 0.41445812955498695, 0.39334161952137947, 0.34524720534682274, 0.38889525830745697, 0.3625790774822235, 0.3666638005524874, 0.3505607768893242, 0.3390386067330837, 0.3291575275361538, 0.33363356441259384, 0.3385749328881502, 0.33371073938906193, 0.30445010773837566, 0.2931168768554926, 0.2845265530049801] | [1.1029206718717302, 1.1012373788016183, 1.098996376991272, 1.0963512454714095, 1.0930308444159371, 1.0891466583524432, 1.0843069962092808, 1.0780304636274065, 1.0699230704988751, 1.0595676864896502, 1.0480957984924317, 1.0338128243173872, 1.0165652002607073, 0.9965881364686149, 0.9731295653751918, 0.9507957577705384, 0.9296767950057984, 0.909579256602696, 0.8892626523971557, 0.8710889952523367, 0.8575139420373099, 0.8397348957402365, 0.82308612040111, 0.8081993826798031, 0.7960085545267378, 0.7896511265209742, 0.7813672491482326, 0.7685037570340293, 0.759823248216084, 0.7654346781117576, 0.7620205274650029, 0.7534425169229507, 0.7299146068947656, 0.7192306940044676, 0.7109947391918727, 0.7028766180787768, 0.7019274400813239, 0.7075304848807199, 0.7072746498244149, 0.6943984406335013, 0.6794190938983645, 0.6720193509544645, 0.6692463202135903, 0.657479926943779, 0.6518389914716993, 0.6459059698241097, 0.6421693950891495, 0.6427722718034472, 0.6560673045260565, 0.645368762740067]
32-50-0.0001 | [1.1081522107124329, 1.106741726398468, 1.1038430780172348, 1.0986810326576233, 1.0971494615077972, 1.0935684442520142, 1.087387666106224, 1.084994614124298, 1.0784318000078201, 1.0702749341726303, 1.0655088424682617, 1.054937407374382, 1.0436252504587173, 1.0297478660941124, 1.0001751109957695, 0.992486022412777, 0.9515702873468399, 0.9245754554867744, 0.8803106769919395, 0.8537669032812119, 0.8138969913125038, 0.7598893716931343, 0.733838215470314, 0.6715141832828522, 0.6442605331540108, 0.6396424770355225, 0.5958141461014748, 0.5653752684593201, 0.5131430514156818, 0.5005634091794491, 0.47069767862558365, 0.41559603065252304, 0.42019709199666977, 0.408004816621542, 0.38304582610726357, 0.39936207979917526, 0.3635154739022255, 0.34341152012348175, 0.34005076065659523, 0.32374919578433037, 0.3443485088646412, 0.2933727912604809, 0.2826169729232788, 0.27467920631170273, 0.25795096158981323, 0.2740407884120941, 0.2800977658480406, 0.24781883507966995, 0.23588143475353718, 0.24842510931193829] | [1.1677924598966325, 1.1657940592084612, 1.163541190964835, 1.1613038880484445, 1.1585412195750646, 1.1553601469312396, 1.1515293666294644, 1.1468786239624023, 1.141366652079991, 1.1354715721947806, 1.1288213355200631, 1.1208803926195416, 1.109945375578744, 1.0988485949380058, 1.081591248512268, 1.063694555418832, 1.0427227463041033, 1.0221116065979003, 0.996738658632551, 0.9726928165980748, 0.9476956878389631, 0.9247130393981934, 0.8986904212406703, 0.8824598159108843, 0.8594217010906764, 0.8342145511082241, 0.8186088919639587, 0.792485899584634, 0.7780597056661334, 0.7643378411020552, 0.7575892431395395, 0.7540539528642382, 0.7413997360638209, 0.739407047203609, 0.7244687608310154, 0.7155652693339757, 0.7158742555550166, 0.7141022682189941, 0.7085997777325767, 0.7137103766202927, 0.7040537787335259, 0.7018112761633737, 0.7036027661391667, 0.7093036694186075, 0.7071798418249403, 0.7023006486041206, 0.7015626277242388, 0.7084406818662371, 0.7099478082997458, 0.7117562336581094]
32-50-0.0001 | [1.0966943353414536, 1.094188928604126, 1.0887593924999237, 1.0886124968528748, 1.0832880288362503, 1.0780036449432373, 1.073983445763588, 1.0699747204780579, 1.0586759597063065, 1.054113194346428, 1.0467440783977509, 1.0307686775922775, 1.0188021510839462, 0.9982348904013634, 0.9790256321430206, 0.9596840217709541, 0.934375174343586, 0.8988989740610123, 0.8668479919433594, 0.8315195590257645, 0.7851696908473969, 0.7625786289572716, 0.7181374281644821, 0.6793834269046783, 0.6271761208772659, 0.6085300073027611, 0.5780381076037884, 0.5471947826445103, 0.5317405574023724, 0.5060635283589363, 0.49530601128935814, 0.4645197093486786, 0.4351584427058697, 0.39006778597831726, 0.411259550601244, 0.40054748207330704, 0.39685552939772606, 0.38731084018945694, 0.37423502281308174, 0.3534418009221554, 0.33986110240221024, 0.34449186734855175, 0.2964822892099619, 0.33114312402904034, 0.2884882465004921, 0.27341928891837597, 0.2688147500157356, 0.260339580476284, 0.29472080804407597, 0.27474910020828247] | [1.0965067318507604, 1.0949771847043719, 1.0928534269332886, 1.0899446112768991, 1.0862747158323016, 1.081701592036656, 1.0768018177577428, 1.070651684488569, 1.0643204757145472, 1.0556675110544478, 1.0461482916559492, 1.0349294543266296, 1.0209449240139552, 1.0042570863451277, 0.9849160824503217, 0.9650117482457842, 0.9443397334643773, 0.9261995417731149, 0.9097439425332206, 0.8915224117892129, 0.8726032870156425, 0.8538281534399305, 0.8341858514717647, 0.8210780773844037, 0.808156247649874, 0.7951640341963087, 0.7830656741346632, 0.7672672910349709, 0.7678962750094277, 0.7631989129952022, 0.7495309510401317, 0.7344915334667478, 0.7381466844252178, 0.7364295904125486, 0.7235166157994951, 0.7170953456844602, 0.6923217794724873, 0.6851072417838233, 0.6728656700679234, 0.66500717486654, 0.6647013987813677, 0.6721069020884377, 0.6598766037396022, 0.6574135231120246, 0.6443122050591877, 0.6470785485846656, 0.6532734119466372, 0.6498423476304327, 0.6477222282971654, 0.6458584902541978]
32-50-0.0001 | [1.09857539832592, 1.0967611819505692, 1.094615638256073, 1.089671477675438, 1.0889703333377838, 1.0841893553733826, 1.0795610696077347, 1.0744272619485855, 1.0661305636167526, 1.0565898567438126, 1.0440068691968918, 1.0279173105955124, 1.0072791576385498, 0.9868278279900551, 0.9493795335292816, 0.9190869554877281, 0.8837310299277306, 0.8498229533433914, 0.8212973922491074, 0.7771788239479065, 0.7647245824337006, 0.7179118245840073, 0.6843423545360565, 0.6697138361632824, 0.6562737971544266, 0.6406888067722321, 0.6087156869471073, 0.6088365726172924, 0.5776652656495571, 0.5567758902907372, 0.564942691475153, 0.520981028676033, 0.5061168111860752, 0.5012414269149303, 0.4791831374168396, 0.45670604705810547, 0.46500443667173386, 0.46283886209130287, 0.43369778990745544, 0.3924710191786289, 0.40110308676958084, 0.37766284868121147, 0.3606877848505974, 0.37030504271388054, 0.32012671418488026, 0.29351312294602394, 0.31435649283230305, 0.32255413196980953, 0.2713055871427059, 0.29478844441473484] | [1.0840995584215436, 1.0827360323497228, 1.080978376524789, 1.07855966091156, 1.0756690059389387, 1.0723781960351126, 1.0688402584620884, 1.0646704997335161, 1.0593095081193107, 1.0523321832929338, 1.0439155203955515, 1.033676941054208, 1.0223172971180507, 1.0090115581239973, 0.9962147201810564, 0.9844728027071271, 0.972743432862418, 0.960895265851702, 0.9494539499282837, 0.9392009309359959, 0.9281789439065116, 0.9188710425581251, 0.9090698037828718, 0.9039521540914263, 0.8954787620476314, 0.8844568933759417, 0.8741159992558616, 0.8614556763853346, 0.8518481995378222, 0.8450314351490565, 0.8339732604367392, 0.8248230533940452, 0.8143994527203696, 0.8085130274295806, 0.8097756479467665, 0.8058167125497545, 0.8000200229031699, 0.7886921124798911, 0.7783477893897466, 0.7725275929485048, 0.7568265702043261, 0.7540158127035413, 0.758785850235394, 0.7613977496113096, 0.7472929737397602, 0.7432180174759456, 0.735149592586926, 0.7252794197627477, 0.7180738934448787, 0.7077699192932674]
32-50-0.0001 | [1.0957437604665756, 1.0964453369379044, 1.0963937640190125, 1.0923977494239807, 1.0884845703840256, 1.084133505821228, 1.0805094540119171, 1.0713376998901367, 1.068617895245552, 1.053160846233368, 1.042855590581894, 1.0291795581579208, 1.01488696038723, 0.9900902956724167, 0.9687236398458481, 0.9451247379183769, 0.9230009615421295, 0.878640852868557, 0.8354834169149399, 0.8055856749415398, 0.789345309138298, 0.7493014335632324, 0.7155877649784088, 0.6725038811564445, 0.6271365284919739, 0.6118424758315086, 0.5828423574566841, 0.5478449575603008, 0.5168576501309872, 0.5193169005215168, 0.4935414344072342, 0.4831933230161667, 0.486968781799078, 0.4732726402580738, 0.4369335025548935, 0.41445812955498695, 0.39334161952137947, 0.34524720534682274, 0.38889525830745697, 0.3625790774822235, 0.3666638005524874, 0.3505607768893242, 0.3390386067330837, 0.3291575275361538, 0.33363356441259384, 0.3385749328881502, 0.33371073938906193, 0.30445010773837566, 0.2931168768554926, 0.2845265530049801] | [1.1029206718717302, 1.1012373788016183, 1.098996376991272, 1.0963512454714095, 1.0930308444159371, 1.0891466583524432, 1.0843069962092808, 1.0780304636274065, 1.0699230704988751, 1.0595676864896502, 1.0480957984924317, 1.0338128243173872, 1.0165652002607073, 0.9965881364686149, 0.9731295653751918, 0.9507957577705384, 0.9296767950057984, 0.909579256602696, 0.8892626523971557, 0.8710889952523367, 0.8575139420373099, 0.8397348957402365, 0.82308612040111, 0.8081993826798031, 0.7960085545267378, 0.7896511265209742, 0.7813672491482326, 0.7685037570340293, 0.759823248216084, 0.7654346781117576, 0.7620205274650029, 0.7534425169229507, 0.7299146068947656, 0.7192306940044676, 0.7109947391918727, 0.7028766180787768, 0.7019274400813239, 0.7075304848807199, 0.7072746498244149, 0.6943984406335013, 0.6794190938983645, 0.6720193509544645, 0.6692463202135903, 0.657479926943779, 0.6518389914716993, 0.6459059698241097, 0.6421693950891495, 0.6427722718034472, 0.6560673045260565, 0.645368762740067]
32-50-0.0001 | [1.103224886297689, 1.0997275962751099, 1.0974372497801919, 1.094624053303597, 1.0904010980708119, 1.0872827714362754, 1.0835597642655235, 1.0759094615041473, 1.0713622972307872, 1.0659274790022109, 1.0539838571116757, 1.0485994909035325, 1.0332712317690438, 1.0264345510506336, 1.0050203049624409, 0.9902190431155296, 0.9679073558913337, 0.9384723035886945, 0.9109539085454902, 0.8753252978678103, 0.8303893252655312, 0.8017732991603176, 0.7628900607426962, 0.7233412130869956, 0.7065007102832873, 0.6566551916393233, 0.59713864547235, 0.5970112044870117, 0.574448265165949, 0.5562130291275527, 0.5087090329623517, 0.4830008458208155, 0.4636432560383047, 0.43732020491925777, 0.42219329297297287, 0.4094516509844933, 0.41468084741521766, 0.39875724151301284, 0.3439519183380614, 0.35048497428374037, 0.3600983609878477, 0.32578537113382, 0.3202125092838036, 0.2984230878912372, 0.3076209140167315, 0.2828823733967518, 0.23442193332277697, 0.23297748668694201, 0.2587021278991621, 0.24629925504142855] | [1.1765511785234724, 1.172677183151245, 1.1684618643351963, 1.1637490000043595, 1.15883492401668, 1.1541540622711182, 1.1496912206922258, 1.14505752154759, 1.1394695588520596, 1.1318902117865426, 1.1227198021752494, 1.1134055852890015, 1.1010136434010096, 1.0885416882378713, 1.0728673355919973, 1.0542460543768746, 1.0366289513451712, 1.0139549953596934, 0.9909493940217154, 0.964668105329786, 0.9360743130956377, 0.913722620691572, 0.8966780134609768, 0.8731175116130284, 0.8434335146631513, 0.8112597465515137, 0.7889470611299787, 0.7683025394167219, 0.7496181062289646, 0.7252660036087036, 0.6952072126524789, 0.676505218233381, 0.6674807838031224, 0.6495132224900382, 0.6348523531641279, 0.6154376285416739, 0.602568883555276, 0.5874464988708497, 0.5770159840583802, 0.5628716877528599, 0.555600849219731, 0.5405658074787685, 0.5377411672047206, 0.5354580708912441, 0.5258980308260236, 0.5122019112110138, 0.5027783742972782, 0.5026125098977771, 0.5121369021279472, 0.5108912791524615]
32-50-0.0001 | [1.103224886297689, 1.0997275962751099, 1.0974372497801919, 1.094624053303597, 1.0904010980708119, 1.0872827714362754, 1.0835597642655235, 1.0759094615041473, 1.0713622972307872, 1.0659274790022109, 1.0539838571116757, 1.0485994909035325, 1.0332712317690438, 1.0264345510506336, 1.0050203049624409, 0.9902190431155296, 0.9679073558913337, 0.9384723035886945, 0.9109539085454902, 0.8753252978678103, 0.8303893252655312, 0.8017732991603176, 0.7628900607426962, 0.7233412130869956, 0.7065007102832873, 0.6566551916393233, 0.59713864547235, 0.5970112044870117, 0.574448265165949, 0.5562130291275527, 0.5087090329623517, 0.4830008458208155, 0.4636432560383047, 0.43732020491925777, 0.42219329297297287, 0.4094516509844933, 0.41468084741521766, 0.39875724151301284, 0.3439519183380614, 0.35048497428374037, 0.3600983609878477, 0.32578537113382, 0.3202125092838036, 0.2984230878912372, 0.3076209140167315, 0.2828823733967518, 0.23442193332277697, 0.23297748668694201, 0.2587021278991621, 0.24629925504142855] | [1.1765511785234724, 1.172677183151245, 1.1684618643351963, 1.1637490000043595, 1.15883492401668, 1.1541540622711182, 1.1496912206922258, 1.14505752154759, 1.1394695588520596, 1.1318902117865426, 1.1227198021752494, 1.1134055852890015, 1.1010136434010096, 1.0885416882378713, 1.0728673355919973, 1.0542460543768746, 1.0366289513451712, 1.0139549953596934, 0.9909493940217154, 0.964668105329786, 0.9360743130956377, 0.913722620691572, 0.8966780134609768, 0.8731175116130284, 0.8434335146631513, 0.8112597465515137, 0.7889470611299787, 0.7683025394167219, 0.7496181062289646, 0.7252660036087036, 0.6952072126524789, 0.676505218233381, 0.6674807838031224, 0.6495132224900382, 0.6348523531641279, 0.6154376285416739, 0.602568883555276, 0.5874464988708497, 0.5770159840583802, 0.5628716877528599, 0.555600849219731, 0.5405658074787685, 0.5377411672047206, 0.5354580708912441, 0.5258980308260236, 0.5122019112110138, 0.5027783742972782, 0.5026125098977771, 0.5121369021279472, 0.5108912791524615]
32-50-0.0001 | [1.103224886297689, 1.0997275962751099, 1.0974372497801919, 1.094624053303597, 1.0904010980708119, 1.0872827714362754, 1.0835597642655235, 1.0759094615041473, 1.0713622972307872, 1.0659274790022109, 1.0539838571116757, 1.0485994909035325, 1.0332712317690438, 1.0264345510506336, 1.0050203049624409, 0.9902190431155296, 0.9679073558913337, 0.9384723035886945, 0.9109539085454902, 0.8753252978678103, 0.8303893252655312, 0.8017732991603176, 0.7628900607426962, 0.7233412130869956, 0.7065007102832873, 0.6566551916393233, 0.59713864547235, 0.5970112044870117, 0.574448265165949, 0.5562130291275527, 0.5087090329623517, 0.4830008458208155, 0.4636432560383047, 0.43732020491925777, 0.42219329297297287, 0.4094516509844933, 0.41468084741521766, 0.39875724151301284, 0.3439519183380614, 0.35048497428374037, 0.3600983609878477, 0.32578537113382, 0.3202125092838036, 0.2984230878912372, 0.3076209140167315, 0.2828823733967518, 0.23442193332277697, 0.23297748668694201, 0.2587021278991621, 0.24629925504142855] | [1.1765511785234724, 1.172677183151245, 1.1684618643351963, 1.1637490000043595, 1.15883492401668, 1.1541540622711182, 1.1496912206922258, 1.14505752154759, 1.1394695588520596, 1.1318902117865426, 1.1227198021752494, 1.1134055852890015, 1.1010136434010096, 1.0885416882378713, 1.0728673355919973, 1.0542460543768746, 1.0366289513451712, 1.0139549953596934, 0.9909493940217154, 0.964668105329786, 0.9360743130956377, 0.913722620691572, 0.8966780134609768, 0.8731175116130284, 0.8434335146631513, 0.8112597465515137, 0.7889470611299787, 0.7683025394167219, 0.7496181062289646, 0.7252660036087036, 0.6952072126524789, 0.676505218233381, 0.6674807838031224, 0.6495132224900382, 0.6348523531641279, 0.6154376285416739, 0.602568883555276, 0.5874464988708497, 0.5770159840583802, 0.5628716877528599, 0.555600849219731, 0.5405658074787685, 0.5377411672047206, 0.5354580708912441, 0.5258980308260236, 0.5122019112110138, 0.5027783742972782, 0.5026125098977771, 0.5121369021279472, 0.5108912791524615]
32-50-0.0001 | [1.103224886297689, 1.0997275962751099, 1.0974372497801919, 1.094624053303597, 1.0904010980708119, 1.0872827714362754, 1.0835597642655235, 1.0759094615041473, 1.0713622972307872, 1.0659274790022109, 1.0539838571116757, 1.0485994909035325, 1.0332712317690438, 1.0264345510506336, 1.0050203049624409, 0.9902190431155296, 0.9679073558913337, 0.9384723035886945, 0.9109539085454902, 0.8753252978678103, 0.8303893252655312, 0.8017732991603176, 0.7628900607426962, 0.7233412130869956, 0.7065007102832873, 0.6566551916393233, 0.59713864547235, 0.5970112044870117, 0.574448265165949, 0.5562130291275527, 0.5087090329623517, 0.4830008458208155, 0.4636432560383047, 0.43732020491925777, 0.42219329297297287, 0.4094516509844933, 0.41468084741521766, 0.39875724151301284, 0.3439519183380614, 0.35048497428374037, 0.3600983609878477, 0.32578537113382, 0.3202125092838036, 0.2984230878912372, 0.3076209140167315, 0.2828823733967518, 0.23442193332277697, 0.23297748668694201, 0.2587021278991621, 0.24629925504142855] | [1.1765511785234724, 1.172677183151245, 1.1684618643351963, 1.1637490000043595, 1.15883492401668, 1.1541540622711182, 1.1496912206922258, 1.14505752154759, 1.1394695588520596, 1.1318902117865426, 1.1227198021752494, 1.1134055852890015, 1.1010136434010096, 1.0885416882378713, 1.0728673355919973, 1.0542460543768746, 1.0366289513451712, 1.0139549953596934, 0.9909493940217154, 0.964668105329786, 0.9360743130956377, 0.913722620691572, 0.8966780134609768, 0.8731175116130284, 0.8434335146631513, 0.8112597465515137, 0.7889470611299787, 0.7683025394167219, 0.7496181062289646, 0.7252660036087036, 0.6952072126524789, 0.676505218233381, 0.6674807838031224, 0.6495132224900382, 0.6348523531641279, 0.6154376285416739, 0.602568883555276, 0.5874464988708497, 0.5770159840583802, 0.5628716877528599, 0.555600849219731, 0.5405658074787685, 0.5377411672047206, 0.5354580708912441, 0.5258980308260236, 0.5122019112110138, 0.5027783742972782, 0.5026125098977771, 0.5121369021279472, 0.5108912791524615]
BEST BEST BEST MODEL 32-50-0.0001 | [1.103224886297689, 1.0997275962751099, 1.0974372497801919, 1.094624053303597, 1.0904010980708119, 1.0872827714362754, 1.0835597642655235, 1.0759094615041473, 1.0713622972307872, 1.0659274790022109, 1.0539838571116757, 1.0485994909035325, 1.0332712317690438, 1.0264345510506336, 1.0050203049624409, 0.9902190431155296, 0.9679073558913337, 0.9384723035886945, 0.9109539085454902, 0.8753252978678103, 0.8303893252655312, 0.8017732991603176, 0.7628900607426962, 0.7233412130869956, 0.7065007102832873, 0.6566551916393233, 0.59713864547235, 0.5970112044870117, 0.574448265165949, 0.5562130291275527, 0.5087090329623517, 0.4830008458208155, 0.4636432560383047, 0.43732020491925777, 0.42219329297297287, 0.4094516509844933, 0.41468084741521766, 0.39875724151301284, 0.3439519183380614, 0.35048497428374037, 0.3600983609878477, 0.32578537113382, 0.3202125092838036, 0.2984230878912372, 0.3076209140167315, 0.2828823733967518, 0.23442193332277697, 0.23297748668694201, 0.2587021278991621, 0.24629925504142855] | [1.1765511785234724, 1.172677183151245, 1.1684618643351963, 1.1637490000043595, 1.15883492401668, 1.1541540622711182, 1.1496912206922258, 1.14505752154759, 1.1394695588520596, 1.1318902117865426, 1.1227198021752494, 1.1134055852890015, 1.1010136434010096, 1.0885416882378713, 1.0728673355919973, 1.0542460543768746, 1.0366289513451712, 1.0139549953596934, 0.9909493940217154, 0.964668105329786, 0.9360743130956377, 0.913722620691572, 0.8966780134609768, 0.8731175116130284, 0.8434335146631513, 0.8112597465515137, 0.7889470611299787, 0.7683025394167219, 0.7496181062289646, 0.7252660036087036, 0.6952072126524789, 0.676505218233381, 0.6674807838031224, 0.6495132224900382, 0.6348523531641279, 0.6154376285416739, 0.602568883555276, 0.5874464988708497, 0.5770159840583802, 0.5628716877528599, 0.555600849219731, 0.5405658074787685, 0.5377411672047206, 0.5354580708912441, 0.5258980308260236, 0.5122019112110138, 0.5027783742972782, 0.5026125098977771, 0.5121369021279472, 0.5108912791524615]
